Car 0.0 0 -1.75 676.30 181.66 751.78 238.43 1.56 1.59 3.80 2.97 1.83 21.67 -1.61 6.65
Car 0.0 0 -1.93 769.99 189.97 1012.14 344.63 1.46 1.55 3.75 3.16 1.72 8.99 -1.56 17.42
Car 0.0 0 -1.81 724.49 184.28 839.72 273.43 1.53 1.56 3.61 3.26 1.78 14.55 -1.58 11.55
Car 0.0 0 -1.69 661.37 181.18 707.79 217.67 1.49 1.51 3.42 3.18 1.86 31.68 -1.59 1.63
Car 0.0 0 -2.96 430.15 177.17 546.67 221.91 1.55 1.62 3.82 -4.39 1.71 26.12 -3.13 1.26
Car 0.0 0 -3.07 479.29 179.11 565.21 211.29 1.50 1.66 3.86 -4.13 1.77 33.85 3.10 0.61
Car 0.0 0 -2.26 510.60 176.45 576.63 206.55 1.59 1.64 3.73 -3.65 1.79 39.01 -2.35 0.50
Car 0.0 0 0.41 388.24 175.99 531.47 227.90 1.57 1.64 4.13 -4.68 1.69 22.69 0.21 0.44
Car 0.0 0 0.44 372.85 174.55 532.50 230.96 1.59 1.65 4.10 -4.73 1.68 21.93 0.23 0.56
Car 0.0 0 -1.65 649.44 181.63 686.83 209.17 1.54 1.61 3.71 3.09 1.98 39.53 -1.57 0.09
Car 0.0 0 -1.67 643.22 179.00 680.32 206.56 1.55 1.62 3.85 2.93 1.94 42.40 -1.59 0.17
