Car 0.0 0 -1.80 690.27 181.64 812.88 266.97 1.52 1.62 3.87 2.71 1.72 14.88 -1.61 12.32
Car 0.0 0 -2.93 331.99 172.74 506.22 241.13 1.65 1.66 3.97 -4.70 1.64 17.92 3.09 3.19
Car 0.0 0 -2.01 791.66 188.49 1089.01 375.74 1.49 1.58 3.69 3.06 1.66 7.61 -1.58 18.36
Car 0.0 0 0.44 259.65 173.85 486.51 251.78 1.60 1.69 4.11 -4.94 1.63 15.58 0.12 3.51
Car 0.0 0 -1.66 639.75 178.19 677.16 211.44 1.51 1.58 3.70 2.32 1.82 35.97 -1.59 1.44
Car 0.0 0 -1.71 654.58 181.09 710.62 223.77 1.50 1.54 3.79 2.59 1.81 27.01 -1.61 3.38
Car 0.0 0 -2.26 463.28 176.60 551.07 215.10 1.55 1.65 3.68 -4.40 1.71 30.44 -2.40 1.28
Car 0.0 0 -1.74 676.18 180.53 740.77 235.56 1.54 1.49 3.32 2.83 1.76 21.66 -1.61 3.05
Car 0.0 0 -3.02 428.37 178.77 538.20 220.30 1.46 1.65 3.80 -4.54 1.66 25.95 3.09 1.00
Car 0.0 0 0.44 375.36 175.68 528.80 232.69 1.53 1.64 4.00 -4.50 1.63 20.82 0.22 1.79
Car 0.0 0 -2.28 489.25 175.01 563.72 210.31 1.61 1.64 3.73 -4.13 1.74 34.87 -2.39 0.24
Car 0.0 0 -1.69 641.23 180.68 680.51 211.07 1.49 1.58 3.80 2.43 1.85 35.77 -1.62 0.19
