Car 0.0 0 -0.48 1080.60 195.49 1186.38 239.25 1.52 1.61 3.45 19.16 2.36 26.50 0.15 2.82
Car 0.0 0 1.89 661.33 202.99 793.41 279.38 1.4282 1.5413 3.6598 2.4824 2.0790 14.8798 2.0734 11.3904
Car 0.0 0 -0.45 1046.35 194.15 1159.61 233.79 1.47 1.66 3.92 19.83 2.36 29.15 0.15 1.63
Car 0.0 0 1.80 747.12 198.54 836.19 260.55 1.5069 1.5811 3.8306 5.0204 2.1916 19.5198 2.0430 11.2860
Car 0.0 0 2.25 6.43 195.73 175.15 253.41 1.44 1.62 4.15 -13.99 2.06 19.51 1.63 3.71
Car 0.0 0 -0.97 156.11 193.08 337.18 263.23 1.43 1.54 3.99 -8.26 1.89 16.55 -1.44 6.39
Car 0.0 0 -0.48 1134.05 197.50 1289.05 256.72 1.5137 1.6738 4.2477 13.1843 2.0643 14.0907 3.2997 6.6303
Car 0.0 0 -0.18 1003.81 192.90 1083.93 223.35 1.46 1.64 3.85 22.63 2.57 37.78 0.36 0.39
Car 0.0 0 -0.41 1038.46 193.34 1140.09 231.43 1.48 1.65 4.02 21.07 2.46 31.97 0.18 0.29
Car 0.0 0 -0.49 1120.75 197.36 1272.59 253.84 1.4810 1.6575 4.0837 14.7500 2.0512 16.6586 -0.1962 2.8034
Car 0.0 0 -0.16 977.50 190.83 1052.46 219.45 1.52 1.65 3.72 23.73 2.66 42.51 0.36 0.10
