Car 0.0 0 -1.72 153.95 175.20 257.61 243.38 1.64 1.75 3.91 -10.92 1.73 19.25 -2.23 6.11
Car 0.0 0 -1.58 691.98 175.15 773.70 235.20 1.72 1.67 4.10 3.80 1.82 22.81 -1.41 4.39
Car 0.0 0 -0.61 910.09 161.65 1074.22 231.09 1.69 1.71 4.46 10.08 1.43 19.48 -0.13 3.65
Car 0.0 0 2.26 790.01 179.91 890.69 216.98 1.46 1.57 3.89 9.76 1.79 30.68 2.57 2.45
Car 0.0 0 1.97 506.93 180.67 602.85 226.02 1.45 1.68 3.95 -2.14 1.85 27.79 1.89 1.02
Car 0.0 0 -2.52 989.66 161.69 1173.07 223.28 1.52 1.63 4.51 12.76 1.27 19.70 -1.94 2.24
Car 0.0 0 2.81 410.40 177.97 500.90 217.47 1.60 1.57 3.57 -7.01 1.90 32.60 2.60 0.55
Car 0.0 0 2.09 546.25 179.72 655.92 228.18 1.50 1.69 4.20 -0.26 1.79 25.26 2.08 1.24
Car 0.0 0 2.02 463.40 178.57 553.67 223.20 1.53 1.62 3.74 -4.15 1.87 29.17 1.88 0.30
Car 0.0 0 2.77 413.44 177.81 506.70 218.64 1.59 1.57 3.56 -6.74 1.92 32.27 2.56 0.41
Car 0.0 0 3.14 657.67 180.61 750.61 211.93 1.51 1.72 4.33 4.59 1.90 35.66 -3.01 0.29
Car 0.0 0 -0.05 305.70 177.20 389.02 208.89 1.50 1.64 3.67 -13.71 1.79 37.58 -0.40 0.22
Car 0.0 0 1.03 1065.95 159.64 1231.48 220.65 1.53 1.63 4.32 15.52 1.24 21.01 1.67 0.65
