Car 0.0 0 1.77 448.12 180.58 529.23 243.60 1.47 1.52 3.49 -3.18 1.71 19.22 1.60 7.54
Car 0.0 0 -1.88 726.13 185.25 928.02 322.58 1.48 1.62 3.78 2.65 1.67 9.78 -1.59 14.67
Car 0.0 0 -1.76 681.58 178.61 796.58 263.87 1.56 1.67 3.88 2.53 1.70 15.31 -1.59 8.96
Car 0.0 0 -2.74 155.18 185.02 373.97 268.36 1.51 1.60 3.60 -6.74 1.78 14.39 3.10 8.33
Car 0.0 0 -1.69 647.66 177.57 700.00 223.17 1.53 1.53 3.42 2.26 1.73 26.68 -1.60 2.08
Car 0.0 0 -1.72 663.36 178.42 739.73 239.08 1.55 1.57 3.34 2.49 1.73 20.48 -1.59 2.84
Car 0.0 0 -2.68 215.97 174.50 422.03 251.16 1.67 1.73 4.09 -6.80 1.74 16.86 -3.07 3.84
Car 0.0 0 -1.65 630.92 174.76 677.41 211.47 1.64 1.63 3.69 1.99 1.74 33.84 -1.58 0.58
Car 0.0 0 0.36 311.77 176.94 438.03 232.69 1.56 1.55 3.36 -7.01 1.70 21.44 0.05 0.74
Car 0.0 0 0.23 345.18 178.73 449.80 227.38 1.50 1.55 3.11 -6.73 1.67 22.67 -0.06 0.42
