Car 0.0 0 -1.62 262.07 181.24 336.89 239.81 1.63 1.71 3.72 -9.58 1.92 22.11 -2.02 5.79
Car 0.0 0 -1.24 13.80 195.38 236.64 312.32 1.44 1.68 4.16 -7.46 1.83 11.46 -1.83 12.51
Car 0.0 0 1.48 851.79 176.74 959.95 252.96 1.71 1.68 4.09 7.24 1.81 17.99 1.87 5.99
Car 0.0 0 2.22 955.28 183.25 1087.11 226.27 1.43 1.53 4.41 14.89 1.82 26.11 2.74 3.80
Car 0.0 0 2.03 669.64 182.16 794.08 241.30 1.54 1.64 3.99 3.61 1.84 21.07 2.19 4.82
Car 0.0 0 2.20 1034.42 178.67 1165.62 226.79 1.47 1.66 3.92 16.63 1.71 24.41 2.80 1.28
Car 0.0 0 2.12 596.49 182.60 694.60 234.70 1.53 1.57 3.77 1.21 1.99 25.58 2.17 0.69
Car 0.0 0 2.00 617.32 181.77 735.08 236.55 1.51 1.67 4.05 2.13 1.87 23.16 2.09 1.12
Car 0.0 0 -0.12 468.52 181.23 554.56 218.68 1.64 1.63 3.70 -4.80 2.11 34.90 -0.25 0.40
Car 0.0 0 2.77 535.19 179.59 634.57 225.89 1.70 1.62 3.61 -1.10 2.07 29.80 2.74 0.50
Car 0.0 0 2.84 510.82 183.12 603.64 221.97 1.57 1.60 3.65 -2.36 2.09 32.32 2.76 0.31
Car 0.0 0 3.01 441.62 179.52 526.78 214.21 1.64 1.66 3.80 -6.36 2.01 36.31 2.83 0.25
