Car 0.0 0 -1.86 726.80 198.41 886.81 305.79 1.46 1.51 3.58 3.06 1.94 12.16 -1.59 13.66
Car 0.0 0 1.47 617.14 180.70 656.93 212.84 1.67 1.63 3.77 1.41 2.11 39.25 1.51 1.85
Car 0.0 0 -1.82 684.96 192.87 794.02 265.47 1.48 1.58 3.85 2.85 1.98 17.06 -1.64 8.91
Car 0.0 0 -2.69 139.18 190.60 398.34 282.30 1.55 1.65 3.66 -6.26 1.92 13.49 -3.13 5.63
Car 0.0 0 -3.01 307.05 182.84 458.34 244.18 1.58 1.64 3.93 -6.29 1.88 19.96 2.97 1.42
Car 0.0 0 -3.07 404.68 182.63 500.52 219.15 1.54 1.66 3.87 -7.06 2.00 32.30 3.00 0.47
Car 0.0 0 -2.71 231.59 185.67 449.25 264.15 1.57 1.69 4.22 -5.75 1.85 15.57 -3.06 4.08
Car 0.0 0 0.26 377.98 186.31 478.70 225.27 1.47 1.64 3.83 -6.89 1.96 27.35 0.02 0.46
Car 0.0 0 -2.58 9.89 188.72 289.13 363.06 1.48 1.66 4.01 -5.49 1.69 7.28 3.14 6.46
Car 0.0 0 0.28 344.68 183.86 471.26 232.56 1.50 1.62 3.89 -6.67 1.91 23.86 0.00 0.24
Car 0.0 0 -3.08 458.67 182.25 520.60 211.09 1.70 1.71 3.84 -6.74 2.14 40.03 3.04 0.12
Car 0.0 0 -3.07 406.76 183.42 500.26 218.76 1.52 1.66 3.80 -7.02 2.00 32.13 3.00 0.10
