Car 0.0 0 -1.83 714.09 193.63 845.03 286.90 1.47 1.50 3.50 2.99 1.90 13.64 -1.59 12.43
Car 0.0 0 -1.79 675.55 189.39 769.42 253.55 1.47 1.59 3.92 2.79 1.94 18.88 -1.64 7.69
Car 0.0 0 -3.06 342.36 182.24 467.69 233.51 1.54 1.63 3.73 -6.34 1.82 22.22 2.95 0.85
Car 0.0 0 1.41 614.17 180.45 653.84 210.02 1.63 1.62 3.66 1.27 2.03 40.38 1.44 1.69
Car 0.0 0 -2.70 190.93 189.11 420.94 270.64 1.50 1.68 3.85 -5.84 1.81 14.09 -3.10 4.21
Car 0.0 0 -2.12 285.82 181.85 450.31 254.04 1.57 1.67 3.91 -5.84 1.83 17.35 -2.44 1.50
Car 0.0 0 -2.64 -7.93 186.71 352.17 326.05 1.50 1.67 4.24 -5.87 1.76 9.42 3.10 7.93
Car 0.0 0 0.92 389.97 184.53 486.63 221.86 1.41 1.59 3.71 -6.76 1.87 28.33 0.69 0.46
Car 0.0 0 -3.07 454.01 178.32 526.33 207.72 1.66 1.72 3.93 -6.75 1.94 39.99 3.05 0.26
Car 0.0 0 -3.05 415.62 182.66 501.22 215.69 1.46 1.59 3.56 -6.94 1.92 33.16 3.03 0.18
Car 0.0 0 -3.09 412.45 182.46 493.34 215.57 1.44 1.61 3.57 -7.09 1.89 32.46 2.98 0.08
