Car 0.0 0 -0.42 629.29 173.11 788.24 236.65 1.66 1.69 4.09 2.61 1.69 20.17 -0.29 4.88
Car 0.0 0 -0.46 666.97 175.48 857.38 246.57 1.55 1.68 4.17 3.55 1.64 17.27 -0.25 6.28
Car 0.0 0 -0.39 594.08 175.59 714.19 222.48 1.55 1.64 3.74 1.45 1.68 25.82 -0.33 1.97
Car 0.0 0 -0.22 548.95 175.70 640.40 209.93 1.54 1.67 4.17 -0.78 1.70 34.28 -0.24 0.66
Car 0.0 0 -0.60 782.12 177.75 1042.54 285.02 1.49 1.59 3.80 4.76 1.63 11.78 -0.21 4.93
Car 0.0 0 -0.36 571.30 176.29 665.10 214.23 1.52 1.63 3.84 0.26 1.68 30.29 -0.34 0.53
Car 0.0 0 1.75 356.47 182.67 409.10 212.33 1.37 1.63 4.02 -11.10 1.86 35.43 1.44 0.37
Car 0.0 0 1.84 274.49 170.75 382.25 239.77 1.72 1.73 3.93 -7.64 1.68 19.71 1.47 0.98
Car 0.0 0 -0.06 527.82 174.20 594.89 200.73 1.55 1.71 3.96 -2.87 1.65 42.54 -0.12 0.08
Car 0.0 0 -0.34 615.62 174.94 749.00 224.21 1.56 1.66 4.01 2.30 1.66 24.13 -0.24 0.22
