Car 0.0 0 1.41 614.54 170.31 658.57 207.82 1.66 1.63 3.71 1.15 1.56 33.82 1.45 2.67
Car 0.0 0 -3.10 342.34 174.17 464.80 220.08 1.51 1.63 3.87 -7.18 1.57 25.11 2.91 1.63
Car 0.0 0 -1.86 708.77 188.75 882.61 301.68 1.45 1.60 4.12 2.78 1.76 11.94 -1.60 13.37
Car 0.0 0 -2.72 192.15 170.15 404.60 254.63 1.62 1.69 3.83 -6.34 1.59 14.76 -3.12 4.20
Car 0.0 0 -2.67 309.73 175.63 447.38 228.15 1.53 1.64 3.85 -6.90 1.61 21.63 -2.98 2.20
Car 0.0 0 -2.03 788.02 201.73 1134.16 379.28 1.40 1.48 3.51 2.88 1.77 6.88 -1.58 8.58
Car 0.0 0 -2.67 -34.66 176.68 356.87 301.22 1.50 1.66 4.26 -5.77 1.57 9.61 3.06 6.63
Car 0.0 0 -2.75 139.54 170.63 382.03 264.60 1.60 1.66 3.88 -6.62 1.61 13.80 3.08 3.02
Car 0.0 0 1.55 509.85 171.59 542.94 197.33 1.50 1.66 3.65 -5.19 1.44 44.48 1.44 1.24
Car 0.0 0 -3.07 367.00 172.16 480.38 215.03 1.54 1.66 3.93 -7.24 1.56 28.18 2.96 0.33
Car 0.0 0 -3.08 406.29 169.37 501.64 209.04 1.64 1.75 4.17 -7.11 1.54 32.75 2.99 0.14
Car 0.0 0 -2.73 249.43 172.03 417.78 239.83 1.55 1.61 3.73 -6.82 1.59 17.82 -3.10 0.28
