Car 0.0 0 1.85 368.85 184.18 452.61 237.70 1.45 1.59 3.66 -5.85 1.79 21.42 1.58 6.31
Car 0.0 0 2.03 139.85 191.00 360.37 306.91 1.46 1.62 4.00 -5.62 1.81 11.74 1.57 12.94
Car 0.0 0 -0.35 719.93 163.73 969.01 260.46 1.67 1.75 4.22 4.17 1.54 13.53 -0.04 7.16
Car 0.0 0 1.79 414.82 181.36 479.89 222.95 1.45 1.60 3.88 -6.15 1.80 27.58 1.57 2.34
Car 0.0 0 -0.34 701.81 159.65 864.07 238.47 1.73 1.78 4.20 4.23 1.51 18.04 -0.10 2.29
Car 0.0 0 -0.14 630.22 168.57 727.84 201.75 1.51 1.68 4.36 3.22 1.31 33.64 -0.04 0.86
Car 0.0 0 1.75 464.25 177.86 506.90 206.90 1.46 1.60 3.81 -6.51 1.73 38.01 1.58 1.24
Car 0.0 0 -0.11 671.80 170.07 783.90 215.37 1.52 1.63 3.72 4.02 1.43 25.36 0.05 0.46
Car 0.0 0 -0.18 666.50 170.39 775.48 211.71 1.51 1.63 3.78 4.01 1.41 26.82 -0.03 0.43
Car 0.0 0 -0.56 832.80 167.92 1185.55 293.55 1.57 1.64 3.54 5.29 1.55 10.23 -0.06 0.74
