Car 0.0 0 -2.94 391.82 179.59 530.92 230.41 1.5203 1.6417 4.0055 -4.4725 1.7476 21.8519 3.1164 10.3733
Car 0.0 0 -1.74 664.05 181.55 732.84 234.31 1.4680 1.5866 3.8173 2.7100 1.7925 22.7227 -1.5820 12.1377
Car 0.0 0 -1.88 717.18 183.85 919.77 312.01 1.5306 1.6190 3.9992 2.7769 1.6666 10.6673 -1.6531 15.9787
Car 0.0 0 -1.78 695.04 180.56 786.05 254.51 1.5852 1.6418 3.9338 3.0475 1.7481 17.5319 -1.5580 13.9115
Car 0.0 0 0.38 311.58 173.01 514.73 247.33 1.7771 1.6984 4.2601 -4.6463 1.6825 17.2461 -0.0558 13.3340
Car 0.0 0 0.44 141.12 172.95 465.43 283.33 1.5265 1.6613 4.3077 -4.8245 1.6076 11.5549 -0.0493 13.9122
Car 0.0 0 -2.21 455.84 173.66 547.75 222.65 1.72 1.68 3.84 -4.15 1.78 27.26 -2.35 1.46
Car 0.0 0 -1.68 646.57 180.85 689.71 215.90 1.4786 1.5669 3.7115 2.5751 1.8908 32.9916 -1.5881 6.7419
Car 0.0 0 -2.98 421.01 178.49 541.18 226.24 1.5217 1.6367 3.8592 -4.9501 1.8404 26.5766 2.9270 2.7892
Car 0.0 0 -2.59 509.62 174.52 570.11 203.68 1.6970 1.6485 3.9803 -5.0775 1.8223 55.8332 3.1292 7.0499
Car 0.0 0 0.34 283.49 171.32 499.23 253.65 1.68 1.67 4.13 -4.73 1.67 15.81 0.04 1.10
