Car 0.0 0 -2.14 326.00 179.45 469.15 238.34 1.4269 1.5538 3.7443 -6.3412 1.3670 22.8964 3.0597 10.0349
Car 0.0 0 -1.82 694.36 187.60 795.59 259.66 1.5347 1.6229 3.6140 3.0803 1.8657 17.4625 -1.6331 12.9285
Car 0.0 0 -2.67 135.37 179.21 413.36 278.39 1.56 1.69 4.10 -5.64 1.68 12.32 -3.11 8.23
Car 0.0 0 -1.77 667.93 183.88 747.35 236.95 1.4830 1.6402 4.0858 2.8660 1.8295 22.4510 -1.6521 13.7970
Car 0.0 0 -2.61 -17.64 145.53 319.56 370.92 1.5740 1.6936 4.0034 -5.9802 1.6605 9.4487 3.1169 7.1135
Car 0.0 0 -2.06 367.63 176.77 484.77 223.15 1.5502 1.5934 3.7596 -6.6622 1.6648 25.7542 3.1528 8.3778
Car 0.0 0 -1.72 615.46 173.80 648.16 202.18 1.9317 1.7708 4.4480 1.2682 1.7961 48.9394 -1.6477 9.3700
Car 0.0 0 -3.03 455.00 174.40 525.63 203.10 1.56 1.67 3.84 -6.88 1.67 41.05 3.08 0.35
Car 0.0 0 -3.01 436.49 177.97 511.11 206.05 1.5858 1.6434 3.8692 -7.4075 1.7420 38.9723 -3.1429 5.6075
Car 0.0 0 -2.07 374.06 175.98 486.85 224.12 1.54 1.63 3.73 -6.26 1.69 24.75 -2.31 0.29
Car 0.0 0 -3.02 414.62 177.53 499.89 209.80 1.6897 1.6553 3.8885 -7.3658 1.7497 35.9939 2.9882 3.9658
