Car 0.0 0 -0.41 639.51 174.56 771.39 227.30 1.52 1.62 3.70 2.79 1.58 22.10 -0.28 4.57
Car 0.0 0 -0.38 606.83 171.38 726.86 220.06 1.66 1.70 4.00 1.97 1.63 26.20 -0.30 1.91
Car 0.0 0 2.03 5.34 202.09 298.46 359.58 1.36 1.52 3.73 -5.13 1.78 8.64 1.46 10.25
Car 0.0 0 -0.41 609.29 173.99 736.38 222.14 1.52 1.67 4.01 1.95 1.57 24.25 -0.32 2.98
Car 0.0 0 -0.22 549.20 172.53 638.51 205.09 1.48 1.65 3.95 -0.83 1.50 34.35 -0.24 0.72
Car 0.0 0 -0.18 537.78 170.68 620.87 202.23 1.53 1.70 4.23 -1.63 1.48 38.24 -0.22 0.36
Car 0.0 0 -1.01 715.48 176.58 882.17 247.44 1.48 1.58 3.80 4.35 1.60 16.83 -0.75 2.26
Car 0.0 0 -0.97 724.12 175.76 925.50 258.27 1.46 1.66 4.12 4.38 1.57 14.85 -0.68 3.03
Car 0.0 0 -0.51 762.99 177.97 1057.53 271.16 1.46 1.62 4.33 5.05 1.56 12.36 -0.12 1.64
Car 0.0 0 -0.39 577.59 171.32 680.36 210.96 1.59 1.66 3.83 0.70 1.55 30.40 -0.36 0.64
Car 0.0 0 -0.56 805.55 173.57 1185.45 326.30 1.57 1.69 4.28 4.94 1.64 8.69 -0.07 1.38
