Car 0.0 0 -1.31 233.98 195.41 382.17 278.93 1.41 1.66 3.99 -5.99 1.88 14.68 -1.71 12.73
Car 0.0 0 -1.60 415.21 182.44 468.58 230.65 1.59 1.66 3.44 -6.15 1.97 26.15 -1.83 6.32
Car 0.0 0 1.99 87.77 199.10 187.72 245.12 1.52 1.66 4.07 -17.72 2.56 27.19 1.41 3.59
Car 0.0 0 2.08 767.60 182.95 903.21 245.72 1.50 1.54 3.67 6.13 1.83 19.76 2.39 2.64
Car 0.0 0 1.98 818.53 182.99 974.40 251.28 1.47 1.68 4.18 7.27 1.76 18.09 2.36 3.22
Car 0.0 0 2.80 673.73 182.45 791.24 228.50 1.55 1.65 3.92 4.58 2.00 27.38 2.96 0.98
Car 0.0 0 2.13 -39.82 206.10 107.90 266.10 1.45 1.65 3.80 -14.61 2.27 18.44 1.46 0.29
Car 0.0 0 2.49 1117.13 186.69 1238.46 237.59 1.42 1.68 4.26 18.51 1.93 22.67 -3.12 0.87
Car 0.0 0 1.89 161.79 201.57 220.86 228.31 1.38 1.56 3.82 -23.18 3.00 40.16 1.37 0.38
Car 0.0 0 2.00 896.21 180.09 1077.88 267.56 1.59 1.68 4.11 7.89 1.73 14.83 2.48 1.66
Car 0.0 0 -0.55 715.21 178.39 854.17 235.05 1.68 1.64 3.74 5.47 1.89 23.13 -0.32 0.81
Car 0.0 0 -0.17 585.39 184.18 666.46 215.14 1.46 1.61 3.61 0.80 2.11 37.66 -0.14 0.26
