Car 0.0 0 -1.75 761.80 185.62 858.03 260.17 1.50 1.54 3.65 4.44 1.81 16.66 -1.48 8.81
Car 0.0 0 -1.71 723.86 181.95 779.26 222.68 1.50 1.56 3.92 5.53 1.88 28.84 -1.51 3.23
Car 0.0 0 -1.89 807.06 187.41 1008.40 317.90 1.49 1.61 3.84 4.05 1.75 10.55 -1.50 16.52
Car 0.0 0 -1.73 747.18 183.95 819.58 239.07 1.50 1.58 3.83 5.08 1.84 21.78 -1.50 4.06
Car 0.0 0 0.50 152.33 158.19 492.00 301.17 1.67 1.70 3.83 -3.71 1.56 9.93 0.12 7.06
Car 0.0 0 -3.04 555.34 176.78 630.72 207.08 1.53 1.65 3.89 -0.94 1.74 37.79 -3.07 0.62
Car 0.0 0 0.40 234.49 163.82 534.23 276.80 1.67 1.61 4.22 -3.48 1.53 11.47 0.10 3.77
Car 0.0 0 -2.88 349.47 175.55 574.28 254.76 1.50 1.59 4.40 -2.88 1.59 14.76 -3.08 2.01
Car 0.0 0 0.22 500.92 175.20 611.96 216.09 1.57 1.64 4.15 -2.09 1.66 28.38 0.15 0.42
Car 0.0 0 -1.66 708.43 180.51 739.83 208.14 1.54 1.60 3.63 6.60 2.00 42.19 -1.50 0.33
Car 0.0 0 -2.98 479.28 174.81 598.31 219.40 1.59 1.64 4.19 -2.56 1.63 25.86 -3.08 0.46
Car 0.0 0 -3.04 567.33 175.65 634.99 203.99 1.53 1.67 3.95 -0.58 1.73 41.09 -3.05 0.17
Car 0.0 0 0.33 315.07 171.60 558.22 261.67 1.54 1.54 4.32 -3.29 1.57 13.80 0.10 0.82
