Car 0.0 0 -0.45 969.73 194.46 1077.24 236.38 1.50 1.62 3.56 15.64 2.34 27.50 0.07 3.41
Car 0.0 0 1.86 573.05 205.42 710.01 286.75 1.38 1.51 3.92 0.76 2.07 14.63 1.91 10.74
Car 0.0 0 -0.38 947.31 192.99 1055.72 232.33 1.7193 1.6735 4.1435 16.5727 2.4457 30.9983 0.1964 6.7155
Car 0.0 0 1.79 656.85 199.67 749.64 263.89 1.43 1.60 3.91 2.48 2.13 18.46 1.92 5.65
Car 0.0 0 -0.46 1028.29 198.00 1185.58 252.71 1.43 1.63 3.89 14.47 2.21 21.11 0.14 2.44
Car 0.0 0 -0.22 896.38 191.54 972.90 221.86 1.5109 1.6178 3.9109 19.6996 2.3862 43.0405 0.2070 3.4511
Car 0.0 0 -0.46 1054.39 196.48 1312.53 279.87 1.50 1.71 4.36 11.33 2.02 14.52 0.21 2.61
Car 0.0 0 -0.92 7.74 197.48 199.02 278.67 1.46 1.55 3.97 -10.36 1.93 14.34 -1.53 3.05
Car 0.0 0 -0.38 934.30 193.39 1024.37 228.28 1.47 1.63 3.97 16.88 2.47 33.25 0.09 0.28
Car 0.0 0 -0.42 959.06 193.53 1059.42 230.32 1.46 1.63 3.80 16.77 2.33 30.38 0.08 0.28
