Car 0.0 0 -2.94 364.72 180.07 522.18 237.05 1.5149 1.6290 3.9332 -4.3987 1.7068 19.1019 -3.1187 10.7094
Car 0.0 0 0.40 247.31 168.21 493.25 263.05 1.8230 1.7373 4.3205 -4.5879 1.6693 14.5683 -0.0422 12.4475
Car 0.0 0 -1.82 711.35 178.69 825.32 269.64 1.5600 1.6694 4.0450 3.1099 1.6834 14.8727 -1.5531 14.1144
Car 0.0 0 -1.77 675.00 180.17 754.36 242.90 1.4362 1.5599 3.8089 2.7833 1.7266 19.9284 -1.5666 12.2273
Car 0.0 0 -2.00 747.62 183.29 1077.93 371.03 1.5205 1.6554 4.2446 2.8289 1.6429 7.9563 -1.6451 12.9699
Car 0.0 0 -1.69 651.35 177.98 699.93 219.21 1.4512 1.5155 3.4085 2.6444 1.8541 30.0908 -1.5655 10.0659
Car 0.0 0 -3.01 412.85 176.82 541.26 227.51 1.8081 1.6659 4.1350 -4.7024 1.7880 26.5078 3.1749 10.4541
Car 0.0 0 0.50 -7.10 171.22 429.43 317.15 1.5488 1.6925 4.3300 -4.8041 1.5880 8.8855 -0.0294 15.0070
Car 0.0 0 -3.04 500.83 174.25 569.32 203.24 1.4905 1.6424 4.1229 -4.6706 1.8898 42.9355 3.3198 3.4189
Car 0.0 0 -1.72 664.69 182.37 715.66 224.64 1.52 1.47 3.27 2.89 1.85 27.07 -1.61 0.48
Car 0.0 0 -2.89 339.06 178.10 518.37 245.84 1.50 1.57 4.21 -4.35 1.66 17.43 -3.14 0.67
Car 0.0 0 -1.66 640.99 176.28 676.36 207.01 1.59 1.61 3.90 2.63 1.83 40.04 -1.60 0.14
Car 0.0 0 -3.03 503.35 174.06 568.68 202.82 1.4905 1.6424 4.1229 -4.6706 1.8898 42.9355 3.3198 3.4189
