Car 0.0 0 -2.87 311.00 179.69 447.70 230.59 1.50 1.66 3.86 -7.13 1.74 22.50 3.11 4.00
Car 0.0 0 -1.68 647.28 177.79 708.85 228.84 1.62 1.62 3.70 2.20 1.80 24.81 -1.59 3.82
Car 0.0 0 -1.81 708.52 184.27 857.03 285.85 1.51 1.60 3.64 2.78 1.73 12.62 -1.58 11.24
Car 0.0 0 -1.72 666.83 181.30 748.99 247.59 1.56 1.60 3.54 2.39 1.78 18.68 -1.58 6.90
Car 0.0 0 -2.61 33.62 188.81 345.91 290.57 1.46 1.65 3.95 -6.75 1.77 11.73 -3.14 8.97
Car 0.0 0 1.72 506.26 179.39 549.55 213.30 1.45 1.54 3.49 -3.77 1.78 33.50 1.61 2.10
Car 0.0 0 -2.95 337.75 174.97 465.68 223.84 1.65 1.61 4.12 -7.53 1.75 26.18 3.06 1.65
Car 0.0 0 -1.64 636.10 177.40 679.40 217.55 1.58 1.60 3.42 1.98 1.82 30.91 -1.57 0.44
Car 0.0 0 0.54 157.99 184.86 395.78 266.49 1.46 1.56 3.88 -6.09 1.67 13.40 0.11 1.65
Car 0.0 0 -3.00 402.51 176.05 498.09 210.30 1.62 1.68 4.27 -7.56 1.75 34.10 3.06 0.36
Car 0.0 0 -3.00 403.78 175.58 496.26 210.77 1.61 1.64 4.21 -7.58 1.74 34.07 3.07 0.29
