Car 0.0 0 2.86 674.13 170.05 815.76 222.38 1.60 1.67 4.07 4.16 1.51 22.97 3.05 2.87
Car 0.0 0 1.89 232.89 175.82 449.06 330.42 1.56 1.56 3.63 -3.30 1.65 9.50 1.54 18.92
Car 0.0 0 1.75 440.37 169.46 520.93 240.23 1.66 1.57 3.70 -3.35 1.60 19.03 1.57 8.76
Car 0.0 0 -1.55 528.45 173.60 568.16 206.74 1.52 1.61 3.69 -3.04 1.58 35.35 -1.63 2.29
Car 0.0 0 -0.27 659.91 170.56 788.10 218.91 1.58 1.65 4.22 3.93 1.53 25.77 -0.11 1.46
Car 0.0 0 1.70 491.77 174.19 548.50 218.65 1.53 1.53 3.63 -3.31 1.59 26.90 1.57 2.81
Car 0.0 0 -0.09 620.16 169.14 704.64 201.75 1.58 1.70 4.21 2.64 1.42 36.74 -0.02 0.57
Car 0.0 0 -0.20 648.56 170.89 763.50 213.17 1.55 1.64 4.34 3.75 1.52 28.90 -0.07 0.42
Car 0.0 0 -0.40 792.16 170.60 959.59 271.10 1.61 1.65 3.46 4.98 1.63 13.95 -0.05 0.36
Car 0.0 0 -0.44 784.42 170.46 1009.80 272.45 1.60 1.65 3.57 5.10 1.61 13.14 -0.06 0.42
Car 0.0 0 -0.49 771.36 138.92 1215.08 331.75 1.79 1.73 4.24 3.80 1.48 7.37 -0.00 1.06
Car 0.0 0 -0.25 652.01 171.67 766.68 212.09 1.55 1.62 4.20 3.97 1.52 29.23 -0.11 0.14
Car 0.0 0 -0.21 647.38 171.83 760.25 209.96 1.55 1.66 4.19 3.87 1.49 29.75 -0.08 0.16
