Car 0.0 0 -1.64 235.33 181.44 316.02 242.74 1.62 1.73 3.82 -9.95 1.91 21.26 -2.07 5.75
Car 0.0 0 1.47 805.60 176.55 908.28 246.79 1.72 1.66 4.09 6.56 1.84 19.50 1.80 5.25
Car 0.0 0 2.24 908.37 182.97 1029.32 224.44 1.47 1.52 4.17 13.69 1.87 27.49 2.70 2.80
Car 0.0 0 -1.24 -18.33 195.76 203.73 320.71 1.43 1.68 4.04 -7.54 1.80 10.71 -1.86 10.94
Car 0.0 0 1.98 635.32 182.54 750.32 238.51 1.51 1.68 4.00 2.59 1.85 22.15 2.10 3.70
Car 0.0 0 2.01 585.86 182.68 696.30 234.95 1.51 1.67 3.99 1.04 1.92 24.29 2.06 1.91
Car 0.0 0 -0.74 1074.11 159.67 1253.83 244.04 1.80 1.77 4.61 13.30 1.51 17.07 -0.08 2.97
Car 0.0 0 2.10 562.47 182.61 656.28 232.24 1.52 1.54 3.71 -0.05 2.02 26.98 2.10 0.63
Car 0.0 0 2.15 983.63 179.51 1104.87 224.43 1.47 1.68 4.08 15.58 1.73 25.69 2.69 1.11
Car 0.0 0 2.09 558.86 182.60 656.40 229.96 1.54 1.52 3.68 -0.10 2.01 27.49 2.09 0.35
Car 0.0 0 2.77 527.59 181.97 619.69 227.41 1.65 1.59 3.56 -1.57 2.14 30.38 2.72 0.31
Car 0.0 0 -0.14 430.87 181.91 511.39 217.16 1.61 1.62 3.65 -6.98 2.11 36.17 -0.33 0.27
Car 0.0 0 2.87 487.45 184.09 572.39 222.79 1.56 1.57 3.58 -3.67 2.15 32.90 2.76 0.19
Car 0.0 0 -0.13 402.03 181.62 482.25 212.61 1.52 1.65 3.72 -8.96 2.02 38.35 -0.36 0.16
