Car 0.0 0 -0.46 1022.20 194.18 1123.47 235.67 1.50 1.61 3.53 17.78 2.34 27.78 0.11 2.67
Car 0.0 0 1.87 614.85 203.69 749.25 282.48 1.39 1.55 4.00 1.62 2.06 15.04 1.97 10.01
Car 0.0 0 1.79 704.18 199.17 791.90 261.14 1.43 1.56 3.77 3.69 2.14 18.97 1.98 5.52
Car 0.0 0 -0.37 993.15 191.10 1100.07 232.07 1.51 1.66 4.00 18.36 2.36 30.48 0.18 0.77
Car 0.0 0 -0.96 70.26 194.85 267.68 269.47 1.43 1.55 3.94 -9.42 1.91 15.67 -1.51 6.10
Car 0.0 0 -0.45 998.79 191.77 1106.21 232.45 1.51 1.68 3.91 17.87 2.31 29.32 0.10 1.10
Car 0.0 0 -0.42 1077.20 196.62 1243.80 251.22 1.47 1.64 3.96 15.86 2.18 20.82 0.23 1.63
Car 0.0 0 -0.17 947.45 191.55 1032.06 221.14 1.45 1.64 3.91 19.91 2.47 37.99 0.31 0.51
Car 0.0 0 -0.49 1102.32 196.04 1321.11 279.10 1.48 1.68 4.34 12.16 2.00 14.56 0.21 2.69
Car 0.0 0 -0.14 936.43 189.78 1019.55 219.31 1.48 1.68 4.08 20.15 2.47 39.68 0.33 0.24
Car 0.0 0 -0.46 1090.24 195.90 1270.89 258.50 1.44 1.62 4.05 14.80 2.10 18.87 0.21 0.64
Car 0.0 0 -0.09 921.90 187.72 990.99 213.54 1.51 1.69 3.94 21.89 2.52 45.88 0.36 0.15
