Car 0.0 0 -1.58 611.09 173.31 645.54 206.63 1.55 1.65 3.66 0.86 1.59 35.67 -1.55 3.11
Car 0.0 0 -2.85 314.15 190.10 454.71 241.92 1.50 1.61 3.88 -6.88 2.06 22.25 3.14 3.11
Car 0.0 0 -2.72 229.56 191.68 425.72 261.51 1.55 1.69 4.12 -6.75 2.03 17.51 -3.09 8.13
Car 0.0 0 -1.73 694.13 175.17 768.72 233.24 1.55 1.66 4.03 3.41 1.63 21.20 -1.56 6.53
Car 0.0 0 -2.95 382.55 188.50 488.95 226.62 1.41 1.61 3.99 -6.80 2.03 28.27 3.09 2.62
Car 0.0 0 -2.60 25.76 211.71 256.59 327.94 1.44 1.63 4.03 -7.62 2.07 10.63 3.11 11.63
Car 0.0 0 -1.85 751.81 155.46 922.96 285.82 1.86 1.73 4.04 3.56 1.61 12.12 -1.54 6.93
Car 0.0 0 -1.71 681.65 175.15 736.55 217.67 1.52 1.58 3.69 3.67 1.62 27.62 -1.57 2.17
Car 0.0 0 -2.97 415.77 182.89 511.13 219.86 1.50 1.64 3.82 -6.44 1.98 31.78 3.11 0.60
Car 0.0 0 -2.96 445.04 180.15 524.91 212.23 1.65 1.68 3.91 -6.65 2.04 38.16 -3.13 0.30
Car 0.0 0 -2.97 470.66 181.03 530.78 207.74 1.60 1.68 3.99 -6.26 2.02 41.09 -3.12 0.13
