Car 0.0 0 -1.46 487.50 182.06 546.12 226.54 1.49 1.61 3.81 -3.33 1.83 26.14 -1.59 3.84
Car 0.0 0 1.90 239.39 163.42 452.14 331.39 1.78 1.59 3.66 -3.34 1.74 9.68 1.55 13.12
Car 0.0 0 1.74 435.00 177.91 522.32 251.16 1.61 1.63 3.86 -3.23 1.77 18.18 1.56 7.19
Car 0.0 0 -0.29 728.59 171.94 998.50 267.20 1.58 1.66 4.28 4.22 1.57 12.90 0.05 4.29
Car 0.0 0 -0.21 682.44 176.67 869.98 241.68 1.53 1.58 4.17 4.01 1.65 18.16 0.02 1.15
Car 0.0 0 1.79 370.93 180.20 483.71 273.16 1.59 1.51 3.43 -3.52 1.76 14.26 1.54 4.75
Car 0.0 0 -0.13 652.56 177.24 779.74 223.64 1.50 1.62 4.36 3.61 1.68 25.29 0.01 0.64
Car 0.0 0 -0.19 660.81 176.87 808.11 228.77 1.54 1.61 4.30 3.76 1.67 22.44 -0.02 0.50
Car 0.0 0 2.61 780.25 164.34 1081.76 281.45 1.58 1.60 3.70 4.63 1.51 11.03 3.03 1.03
Car 0.0 0 2.70 758.56 167.16 1057.64 277.34 1.57 1.62 3.82 4.47 1.54 11.57 3.09 1.03
Car 0.0 0 2.83 698.13 175.79 906.80 251.36 1.53 1.61 4.08 4.05 1.63 15.97 3.09 0.49
Car 0.0 0 -1.53 526.39 179.14 558.23 207.69 1.53 1.60 3.65 -3.68 1.85 38.78 -1.62 0.11
