Car 0.0 0 1.87 478.41 208.70 627.74 297.48 1.39 1.53 3.99 -0.92 2.10 13.70 1.79 12.16
Car 0.0 0 -0.39 892.50 195.69 1000.05 240.27 1.55 1.62 3.49 12.35 2.42 26.76 0.04 2.57
Car 0.0 0 -0.32 864.75 195.17 968.96 234.14 1.53 1.70 4.00 12.60 2.47 29.92 0.08 1.84
Car 0.0 0 1.77 582.03 202.30 671.20 269.47 1.5042 1.5424 3.6799 0.5324 2.2694 18.2098 1.8522 12.2548
Car 0.0 0 -0.41 940.99 199.71 1100.56 255.16 1.4413 1.5827 3.9806 12.1987 2.3022 21.7070 0.1668 11.4632
Car 0.0 0 -0.14 825.77 194.79 904.18 224.17 1.48 1.65 3.96 13.53 2.67 38.54 0.20 0.61
Car 0.0 0 -0.42 973.13 199.08 1217.79 280.74 1.53 1.69 4.28 9.97 2.13 15.14 0.17 4.00
Car 0.0 0 -0.21 857.86 195.12 951.67 230.16 1.5784 1.6326 3.9381 12.9746 2.4830 31.6648 0.1394 7.4750
Car 0.0 0 -0.13 808.01 193.33 880.31 221.51 1.5429 1.6264 3.8869 14.5887 2.9977 46.2408 0.2000 5.0305
Car 0.0 0 -0.14 819.44 194.26 898.53 223.10 1.4714 1.5864 3.8164 14.0903 2.9020 41.8081 -0.1432 6.7719
Car 0.0 0 -0.59 1064.63 203.88 1276.26 308.57 1.51 1.67 3.74 9.46 2.06 11.69 0.07 0.50
Car 0.0 0 -0.36 881.81 195.54 978.88 235.77 1.4531 1.5831 3.9141 12.5760 2.4904 29.1472 0.2001 5.7670
