Car 0.0 0 -2.14 415.93 186.81 509.45 231.20 1.43 1.64 3.69 -4.92 1.85 23.67 -2.34 2.94
Car 0.0 0 -1.82 702.58 178.44 843.51 286.63 1.55 1.55 3.52 2.55 1.68 12.39 -1.59 12.23
Car 0.0 0 -1.76 647.74 166.25 707.45 219.02 1.87 1.68 3.97 2.47 1.65 27.31 -1.66 3.49
Car 0.0 0 -2.03 754.92 169.55 1162.38 376.14 1.57 1.62 3.85 2.45 1.60 6.31 -1.58 11.70
Car 0.0 0 -1.76 680.65 182.22 766.29 251.90 1.52 1.50 3.23 2.53 1.73 17.11 -1.60 5.44
Car 0.0 0 -1.60 624.25 177.95 662.24 205.51 1.48 1.60 3.65 1.86 1.82 42.28 -1.55 0.74
Car 0.0 0 2.16 87.67 195.95 440.93 319.04 1.50 1.69 4.23 -4.86 1.95 10.95 1.71 1.11
Car 0.0 0 1.93 489.43 183.67 558.91 217.62 1.40 1.63 3.96 -3.96 1.92 32.93 1.81 0.11
Car 0.0 0 -2.78 145.56 190.37 454.95 293.24 1.50 1.68 4.25 -4.91 1.85 12.20 3.10 0.42
Car 0.0 0 1.99 260.75 189.17 451.11 275.56 1.48 1.63 4.04 -5.13 1.84 14.56 1.65 0.35
