Car 0.0 0 1.93 361.70 175.75 440.53 217.07 1.65 1.71 4.09 -8.97 1.80 31.22 1.65 4.87
Car 0.0 0 -1.93 737.31 177.78 931.89 296.15 1.58 1.67 4.06 3.32 1.68 11.74 -1.63 14.53
Car 0.0 0 2.13 96.27 178.04 284.51 258.18 1.47 1.69 4.25 -8.98 1.64 15.93 1.60 8.55
Car 0.0 0 -1.76 685.97 186.14 785.60 250.17 1.42 1.57 3.79 3.05 1.79 18.48 -1.59 8.25
Car 0.0 0 1.86 421.71 180.22 481.96 210.27 1.47 1.56 3.61 -8.11 1.87 37.28 1.65 2.55
Car 0.0 0 -1.70 677.55 182.54 742.27 235.50 1.51 1.61 3.55 3.04 1.83 22.98 -1.57 1.53
Car 0.0 0 -1.72 659.24 182.41 714.02 222.69 1.50 1.57 3.43 2.94 1.89 28.99 -1.61 0.75
Car 0.0 0 -1.68 650.13 181.70 694.82 215.83 1.51 1.64 3.75 2.82 1.93 33.71 -1.60 0.21
Car 0.0 0 -1.65 650.12 179.83 691.36 215.03 1.50 1.66 3.81 2.87 1.91 35.09 -1.57 0.22
Car 0.0 0 1.80 453.73 179.34 500.67 202.91 1.51 1.57 3.59 -8.36 1.91 45.56 1.62 0.30
