Car 0.0 0 2.20 39.49 174.24 170.17 225.23 1.44 1.60 3.28 -15.59 1.51 22.44 1.59 4.47
Car 0.0 0 -1.49 510.88 171.21 565.43 217.03 1.65 1.63 3.66 -2.77 1.62 28.04 -1.58 2.59
Car 0.0 0 -1.46 475.68 179.29 553.00 235.64 1.46 1.69 3.84 -2.62 1.64 20.15 -1.59 6.77
Car 0.0 0 -1.33 376.18 169.11 523.27 275.72 1.63 1.71 4.01 -2.73 1.60 13.01 -1.54 11.12
Car 0.0 0 2.09 165.63 172.89 273.08 213.52 1.43 1.68 3.93 -15.04 1.46 28.04 1.59 2.93
Car 0.0 0 0.96 886.67 184.23 997.23 223.46 1.45 1.72 4.22 13.44 1.96 29.55 1.39 0.72
Car 0.0 0 -1.17 75.03 194.50 447.26 377.31 1.42 1.62 3.70 -2.86 1.65 6.87 -1.62 12.20
Car 0.0 0 0.90 990.96 180.52 1206.30 261.64 1.51 1.71 4.59 10.36 1.70 15.68 1.50 1.34
Car 0.0 0 -1.85 705.64 174.41 789.54 230.28 1.71 1.66 4.20 4.47 1.79 24.40 -1.66 3.80
Car 0.0 0 -2.09 872.18 200.81 1249.30 371.73 1.44 1.69 4.19 4.28 1.74 7.77 -1.53 8.25
