Car 0.0 0 2.00 190.30 190.96 391.61 300.76 1.52 1.65 4.04 -5.20 1.85 12.24 1.59 13.13
Car 0.0 0 1.77 403.05 189.31 475.65 241.93 1.53 1.58 3.70 -5.38 2.07 23.02 1.54 5.57
Car 0.0 0 -0.34 738.19 180.17 947.59 259.07 1.66 1.71 4.00 4.99 1.84 16.18 -0.02 4.61
Car 0.0 0 -0.20 676.11 179.03 815.02 232.26 1.66 1.73 3.96 4.34 1.88 23.85 -0.01 2.46
Car 0.0 0 1.74 459.98 187.61 507.64 221.47 1.45 1.57 3.62 -5.69 2.13 32.69 1.57 2.58
Car 0.0 0 2.56 791.85 183.52 1106.41 289.98 1.56 1.67 4.12 5.21 1.77 11.64 3.00 6.09
Car 0.0 0 -0.16 717.43 184.65 830.88 234.94 1.50 1.60 3.42 4.88 1.84 21.98 0.06 1.61
Car 0.0 0 -0.12 657.71 181.48 741.44 212.38 1.55 1.70 4.04 4.41 1.96 36.13 0.00 0.47
Car 0.0 0 -0.38 762.01 184.70 981.71 266.36 1.55 1.65 3.94 5.22 1.81 14.88 -0.03 2.82
Car 0.0 0 -0.21 669.05 181.61 768.24 218.69 1.58 1.67 3.98 4.55 1.95 31.28 -0.06 0.21
Car 0.0 0 -0.18 709.87 182.91 856.29 237.81 1.51 1.63 3.63 4.87 1.83 21.12 0.06 0.32
