Car 0.0 0 -1.78 676.23 182.05 768.27 247.75 1.57 1.61 3.78 2.80 1.82 19.12 -1.62 8.25
Car 0.0 0 -2.95 388.98 174.91 529.46 229.42 1.62 1.63 3.94 -4.62 1.69 22.34 3.13 2.56
Car 0.0 0 -1.81 738.59 185.43 892.60 299.01 1.51 1.57 3.68 3.11 1.75 11.83 -1.53 14.72
Car 0.0 0 0.44 345.27 174.96 516.09 238.75 1.59 1.65 3.97 -4.70 1.66 19.01 0.19 1.83
Car 0.0 0 -1.73 663.24 183.03 716.69 223.57 1.50 1.48 3.28 2.94 1.87 27.69 -1.62 1.95
Car 0.0 0 -3.08 461.89 179.12 553.84 213.97 1.47 1.67 3.96 -4.48 1.74 31.44 3.06 0.65
Car 0.0 0 -1.67 640.63 179.48 676.48 209.29 1.54 1.61 3.85 2.61 1.95 40.03 -1.60 0.61
Car 0.0 0 -2.07 814.78 193.56 1227.22 381.29 1.46 1.59 3.93 3.02 1.68 6.27 -1.55 9.19
Car 0.0 0 -3.08 499.77 176.93 566.12 209.10 1.56 1.65 3.70 -4.03 1.79 37.02 3.10 0.51
Car 0.0 0 -2.99 422.15 177.23 546.12 223.42 1.50 1.56 4.00 -4.47 1.70 25.81 3.12 0.40
Car 0.0 0 -1.68 653.34 182.48 701.41 220.22 1.52 1.58 3.73 2.76 1.93 30.87 -1.59 0.31
