Car 0.0 0 -1.45 472.94 184.47 537.77 234.99 1.46 1.56 3.69 -3.28 1.84 22.93 -1.60 4.82
Car 0.0 0 1.79 402.46 177.31 509.33 269.36 1.67 1.63 3.83 -3.15 1.78 15.23 1.58 9.49
Car 0.0 0 1.84 295.63 183.74 449.17 309.51 1.60 1.51 3.46 -3.56 1.80 11.24 1.52 10.60
Car 0.0 0 2.96 667.28 173.38 834.51 235.69 1.63 1.67 4.09 3.72 1.66 19.66 -3.13 2.11
Car 0.0 0 -0.43 766.55 171.53 1133.96 305.65 1.60 1.59 4.12 4.38 1.63 9.93 0.01 4.06
Car 0.0 0 2.79 720.42 172.48 998.65 278.10 1.61 1.63 4.13 4.05 1.66 12.46 3.12 1.73
Car 0.0 0 2.05 -20.56 165.30 386.13 371.87 1.76 1.60 3.78 -3.59 1.86 6.83 1.51 4.00
Car 0.0 0 1.66 525.92 178.81 560.93 209.64 1.55 1.58 3.76 -3.64 1.90 39.17 1.56 0.18
Car 0.0 0 -1.50 497.66 180.42 543.90 221.66 1.53 1.57 3.68 -3.80 1.92 30.94 -1.62 0.27
Car 0.0 0 2.04 -26.67 150.64 382.27 378.82 1.81 1.60 3.75 -3.58 1.81 6.80 1.50 2.12
Car 0.0 0 -0.87 627.55 175.69 723.35 214.34 1.56 1.65 3.94 2.76 1.70 31.06 -0.78 0.10
Car 0.0 0 -0.20 708.20 177.17 895.21 256.71 1.56 1.55 3.83 4.08 1.69 15.68 0.06 0.36
