Car 0.0 0 -1.70 180.14 177.27 274.82 243.17 1.66 1.75 3.97 -10.77 1.80 20.05 -2.19 5.92
Car 0.0 0 2.50 827.40 179.23 935.86 217.49 1.45 1.59 4.01 11.09 1.75 29.53 2.86 3.07
Car 0.0 0 1.49 730.89 173.48 815.03 237.90 1.74 1.69 4.14 4.77 1.79 21.56 1.71 4.11
Car 0.0 0 -0.63 954.70 157.43 1145.87 232.20 1.73 1.74 4.53 11.14 1.39 18.59 -0.09 3.11
Car 0.0 0 2.00 532.41 180.38 633.52 227.68 1.47 1.69 3.95 -1.08 1.90 27.79 1.96 0.97
Car 0.0 0 -1.21 -25.33 191.47 153.60 331.09 1.44 1.65 3.89 -7.70 1.74 9.69 -1.86 5.11
Car 0.0 0 2.10 574.26 179.66 684.95 229.86 1.51 1.68 4.19 0.73 1.78 24.53 2.13 1.58
Car 0.0 0 2.84 435.91 179.34 525.31 218.92 1.59 1.59 3.54 -5.89 1.96 32.57 2.66 0.40
Car 0.0 0 2.70 890.37 175.57 1010.53 216.53 1.50 1.68 4.17 13.55 1.67 28.81 3.14 0.34
Car 0.0 0 -1.19 -55.20 195.41 155.50 336.10 1.47 1.63 3.91 -7.82 1.80 9.68 -1.85 2.62
