Car 0.0 0 -1.77 746.90 186.92 854.07 267.58 1.49 1.53 3.64 3.94 1.82 15.64 -1.51 10.49
Car 0.0 0 -1.75 729.37 184.02 806.71 242.12 1.51 1.58 3.79 4.37 1.84 20.77 -1.53 5.67
Car 0.0 0 -1.71 702.98 182.06 760.28 224.38 1.52 1.59 4.01 4.54 1.87 27.79 -1.54 3.57
Car 0.0 0 -1.92 799.92 186.66 1054.41 337.60 1.51 1.66 4.13 3.73 1.71 9.34 -1.51 15.95
Car 0.0 0 0.53 46.51 152.26 453.01 324.77 1.69 1.71 4.00 -4.00 1.53 8.31 0.07 5.74
Car 0.0 0 0.38 289.44 174.55 539.59 263.43 1.53 1.60 4.46 -3.39 1.57 13.11 0.11 3.34
Car 0.0 0 -3.06 545.97 176.58 613.95 204.70 1.54 1.65 3.73 -1.80 1.78 41.51 -3.10 0.51
Car 0.0 0 -3.02 512.91 177.52 603.20 211.60 1.51 1.63 3.91 -2.45 1.74 33.65 -3.09 0.63
Car 0.0 0 -1.67 687.36 181.45 722.51 209.67 1.50 1.57 3.66 5.15 1.98 39.80 -1.54 0.62
Car 0.0 0 -2.93 421.08 174.33 556.69 233.64 1.57 1.62 4.04 -3.41 1.62 20.23 -3.10 0.37
Car 0.0 0 0.43 152.51 163.37 498.45 290.09 1.60 1.58 4.28 -3.90 1.52 10.30 0.06 2.17
Car 0.0 0 0.32 260.57 172.12 527.25 270.58 1.58 1.58 4.35 -3.70 1.60 12.65 0.03 1.09
Car 0.0 0 0.21 465.42 176.04 586.48 219.93 1.58 1.64 4.17 -3.00 1.67 25.93 0.10 0.30
Car 0.0 0 -1.65 682.59 180.63 721.61 208.67 1.55 1.58 3.67 5.29 2.04 42.51 -1.53 0.10
