Car 0.0 0 -1.45 405.53 186.18 479.14 247.24 1.65 1.61 3.64 -4.91 2.05 21.32 -1.68 5.84
Car 0.0 0 -0.32 702.87 195.05 849.49 254.94 1.46 1.53 3.65 4.27 2.05 19.10 -0.09 3.02
Car 0.0 0 -0.28 683.95 192.30 809.00 241.79 1.47 1.54 3.72 4.28 2.11 23.15 -0.09 1.97
Car 0.0 0 2.62 744.64 189.90 1069.56 301.45 1.54 1.67 4.16 4.43 1.86 11.36 3.01 3.86
Car 0.0 0 -0.42 742.69 188.53 1007.06 297.35 1.57 1.62 3.88 4.28 1.90 12.23 -0.06 4.68
Car 0.0 0 -0.23 646.17 188.85 762.28 231.00 1.47 1.61 4.18 3.59 2.17 28.47 -0.10 0.48
Car 0.0 0 -1.50 458.21 188.27 500.88 222.09 1.44 1.52 3.55 -6.08 2.20 33.67 -1.68 0.35
Car 0.0 0 -0.15 637.07 186.95 725.89 223.06 1.54 1.61 3.94 3.30 2.28 34.67 -0.05 0.05
Car 0.0 0 -1.48 455.42 187.90 499.23 223.38 1.46 1.50 3.53 -6.06 2.20 33.19 -1.66 0.26
Car 0.0 0 -0.14 633.54 187.38 700.85 216.09 1.57 1.63 3.84 3.08 2.36 40.03 -0.06 0.05
