Car 0.0 0 1.78 338.13 178.84 469.54 289.26 1.60 1.53 3.51 -3.56 1.78 12.82 1.50 9.62
Car 0.0 0 1.97 140.17 163.86 422.02 372.99 1.81 1.62 3.80 -3.40 1.78 8.22 1.55 13.38
Car 0.0 0 1.70 481.32 183.79 542.71 231.66 1.49 1.61 3.92 -3.29 1.87 24.63 1.56 3.72
Car 0.0 0 -0.21 663.38 176.32 816.83 231.86 1.59 1.68 4.15 3.73 1.68 21.16 -0.03 2.43
Car 0.0 0 -0.34 748.05 172.01 1059.81 282.13 1.57 1.63 4.28 4.36 1.59 11.42 0.05 3.35
Car 0.0 0 2.80 699.91 175.29 941.37 261.15 1.56 1.62 4.22 4.02 1.65 14.36 3.09 1.70
Car 0.0 0 -0.92 626.25 176.21 709.25 214.62 1.61 1.67 3.93 2.54 1.76 31.76 -0.84 0.27
Car 0.0 0 2.67 802.11 159.31 1166.47 311.04 1.60 1.61 3.71 4.79 1.56 9.41 -3.13 0.87
Car 0.0 0 2.66 799.37 158.02 1192.49 307.02 1.59 1.61 3.70 4.79 1.54 9.44 -3.14 0.75
Car 0.0 0 3.07 654.74 177.40 785.97 226.24 1.51 1.65 4.20 3.64 1.72 24.53 -3.06 0.33
Car 0.0 0 -0.37 743.15 170.00 1055.60 282.30 1.56 1.63 4.26 4.41 1.58 11.53 0.02 0.73
Car 0.0 0 1.79 417.04 178.44 514.47 261.37 1.64 1.62 3.83 -3.25 1.81 16.80 1.59 1.29
