Car 0.0 0 -1.79 694.37 181.11 795.32 259.22 1.53 1.54 3.69 2.83 1.73 16.16 -1.60 9.19
Car 0.0 0 -1.87 742.86 182.14 912.02 300.75 1.52 1.52 3.55 3.17 1.70 11.38 -1.57 14.24
Car 0.0 0 -2.73 216.39 161.18 487.19 280.35 1.78 1.71 3.99 -4.34 1.66 12.38 -3.07 7.04
Car 0.0 0 -1.67 655.67 175.10 695.51 207.83 1.48 1.55 3.74 3.06 1.60 34.82 -1.58 1.29
Car 0.0 0 -2.73 60.27 179.17 434.99 307.45 1.50 1.59 4.00 -4.86 1.65 10.03 3.09 4.85
Car 0.0 0 -1.76 676.93 170.72 747.89 231.71 1.69 1.58 3.59 3.00 1.66 22.50 -1.62 2.50
Car 0.0 0 -2.09 819.87 182.43 1267.25 381.44 1.49 1.54 3.66 2.87 1.67 5.61 -1.55 4.37
Car 0.0 0 -3.03 466.15 169.88 565.85 210.23 1.62 1.69 3.97 -4.02 1.51 30.37 3.13 0.17
Car 0.0 0 -3.08 511.92 170.14 560.82 201.51 1.62 1.67 3.73 -3.95 1.48 38.14 3.10 0.23
Car 0.0 0 -2.97 330.90 170.97 507.09 241.35 1.55 1.61 3.70 -5.04 1.61 18.88 3.06 0.20
