Car 0.0 0 2.10 306.26 195.16 399.41 237.32 1.47 1.58 4.16 -10.07 2.39 28.55 1.75 2.38
Car 0.0 0 -1.49 1078.07 165.69 1124.74 193.68 1.51 1.64 4.09 28.09 1.12 41.25 -0.89 1.66
Car 0.0 0 -1.99 -29.15 190.88 125.91 287.30 1.71 1.70 3.91 -11.74 2.06 14.34 -2.65 2.71
Car 0.0 0 2.24 152.16 195.31 259.85 236.47 1.53 1.60 4.09 -16.58 2.49 29.66 1.73 0.91
Car 0.0 0 -2.74 639.93 179.64 748.98 222.91 1.53 1.70 4.30 3.30 1.84 28.26 -2.62 0.98
Car 0.0 0 -0.55 588.66 179.04 708.91 226.28 1.60 1.73 4.50 1.37 1.86 26.53 -0.49 0.73
Car 0.0 0 2.57 509.80 193.16 602.67 223.64 1.45 1.62 4.47 -2.66 2.47 35.96 2.49 0.39
Car 0.0 0 -1.95 -1.74 190.70 129.34 285.92 1.69 1.68 3.82 -11.49 2.03 14.29 -2.60 1.34
Car 0.0 0 1.97 256.62 196.69 360.78 236.82 1.43 1.69 4.20 -12.40 2.49 29.86 1.57 0.31
Car 0.0 0 1.74 745.88 176.17 814.57 215.41 1.70 1.65 4.24 8.05 1.90 34.19 1.98 0.22
