Car 0.0 0 1.54 507.63 170.59 543.25 199.89 1.49 1.67 3.83 -4.66 1.40 39.42 1.43 2.09
Car 0.0 0 -1.75 611.49 165.35 659.88 207.92 1.75 1.63 3.77 0.97 1.42 30.53 -1.72 2.81
Car 0.0 0 -2.14 278.43 177.50 417.24 232.54 1.48 1.61 3.76 -7.37 1.61 20.25 -2.48 2.49
Car 0.0 0 -2.01 738.95 189.31 1067.44 371.76 1.45 1.58 4.05 2.75 1.66 7.94 -1.63 14.22
Car 0.0 0 -2.65 19.44 174.61 332.99 287.32 1.52 1.60 3.88 -6.48 1.58 10.93 3.09 5.14
Car 0.0 0 -3.01 306.31 175.42 434.52 225.68 1.48 1.66 4.08 -7.60 1.58 22.83 2.96 1.42
Car 0.0 0 -2.71 234.50 177.85 400.12 243.28 1.49 1.65 3.75 -6.96 1.61 17.20 -3.10 2.54
Car 0.0 0 0.24 324.34 172.98 449.05 220.95 1.53 1.68 3.99 -7.67 1.57 24.97 -0.06 0.50
Car 0.0 0 3.11 359.57 170.44 471.33 213.74 1.61 1.73 3.92 -7.75 1.56 28.74 2.85 0.17
Car 0.0 0 2.16 -28.51 172.99 245.24 354.28 1.52 1.55 3.63 -5.31 1.55 7.07 1.56 0.78
