Car 0.0 0 -2.86 303.26 181.07 442.41 233.07 1.47 1.60 3.76 -7.15 1.76 21.86 3.10 4.84
Car 0.0 0 -1.73 672.55 181.53 762.88 252.45 1.54 1.63 3.68 2.44 1.75 17.40 -1.58 8.29
Car 0.0 0 -1.69 651.65 177.04 716.13 229.59 1.59 1.62 3.69 2.25 1.73 23.38 -1.59 4.43
Car 0.0 0 -1.85 714.17 184.70 882.51 297.53 1.51 1.61 3.62 2.75 1.71 11.44 -1.59 11.91
Car 0.0 0 -2.86 332.21 174.57 459.70 225.06 1.67 1.63 3.93 -7.54 1.75 25.44 3.13 2.16
Car 0.0 0 -2.58 26.11 190.85 322.13 303.55 1.46 1.63 3.83 -6.65 1.77 10.68 -3.12 7.00
Car 0.0 0 1.73 500.84 179.43 549.68 214.30 1.41 1.55 3.68 -3.64 1.71 31.53 1.62 1.48
Car 0.0 0 -1.65 631.22 176.63 676.02 213.56 1.55 1.58 3.32 1.96 1.77 33.37 -1.59 0.31
Car 0.0 0 -1.67 640.21 178.02 684.95 218.57 1.57 1.56 3.30 2.07 1.78 29.51 -1.60 0.40
Car 0.0 0 -2.98 394.15 175.28 495.04 212.57 1.62 1.61 4.08 -7.37 1.72 32.15 3.08 0.26
