Car 0.0 0 1.92 372.98 175.29 447.21 214.71 1.65 1.71 4.15 -8.94 1.78 32.55 1.65 4.12
Car 0.0 0 -1.75 684.33 186.02 774.76 245.95 1.43 1.58 3.72 3.10 1.81 19.70 -1.58 7.01
Car 0.0 0 -1.88 728.00 179.20 896.40 285.35 1.59 1.67 3.95 3.33 1.73 12.97 -1.60 13.18
Car 0.0 0 2.09 146.82 177.68 307.00 250.33 1.51 1.68 4.12 -9.02 1.65 17.40 1.60 7.71
Car 0.0 0 1.86 428.34 180.97 486.71 209.22 1.44 1.58 3.74 -8.04 1.87 38.24 1.65 2.38
Car 0.0 0 2.26 2.67 176.49 195.23 284.60 1.59 1.69 3.99 -9.22 1.64 12.43 1.65 4.48
Car 0.0 0 -1.65 649.64 179.43 690.23 213.80 1.53 1.65 3.78 2.92 1.93 36.27 -1.57 0.33
Car 0.0 0 -1.71 675.16 183.78 744.67 234.44 1.51 1.63 3.56 3.11 1.86 23.45 -1.57 0.81
Car 0.0 0 -1.71 661.65 182.56 716.20 221.99 1.50 1.57 3.39 3.12 1.91 29.75 -1.60 0.42
Car 0.0 0 -1.68 651.78 181.97 697.61 216.66 1.52 1.63 3.73 2.91 1.95 33.62 -1.59 0.18
