Car 0.0 0 -0.33 726.09 174.03 924.72 244.35 1.66 1.70 4.05 5.07 1.70 17.79 -0.04 4.64
Car 0.0 0 1.94 255.39 178.08 417.39 269.83 1.53 1.67 4.11 -5.22 1.65 14.21 1.58 11.00
Car 0.0 0 1.80 417.63 178.07 487.41 225.98 1.51 1.60 3.73 -5.32 1.69 24.73 1.58 4.90
Car 0.0 0 -0.19 676.86 171.98 808.82 220.30 1.64 1.77 4.20 4.63 1.63 25.89 -0.00 2.06
Car 0.0 0 -0.38 758.43 174.09 1036.00 267.64 1.59 1.69 4.27 5.12 1.67 13.59 0.00 5.58
Car 0.0 0 1.74 471.32 177.14 515.12 208.74 1.43 1.56 3.66 -5.55 1.65 34.59 1.58 2.32
Car 0.0 0 -0.57 896.18 188.05 1247.24 336.70 1.48 1.68 4.24 5.55 1.66 8.19 0.00 8.19
Car 0.0 0 -0.20 707.31 176.62 828.73 223.59 1.51 1.62 3.72 5.04 1.61 23.77 0.02 0.74
Car 0.0 0 -0.22 670.81 168.48 777.89 212.04 1.75 1.75 4.27 4.73 1.60 30.69 -0.07 0.50
Car 0.0 0 -0.51 813.69 175.74 1140.02 280.47 1.56 1.69 4.20 5.54 1.62 11.51 -0.04 2.57
Car 0.0 0 -0.17 657.00 170.71 743.93 203.56 1.68 1.75 4.16 4.38 1.53 35.52 -0.05 0.25
