Car 0.0 0 -1.85 845.07 189.87 987.56 293.46 1.49 1.57 3.56 5.12 1.83 12.62 -1.45 13.03
Car 0.0 0 -1.71 783.19 186.21 832.89 223.66 1.49 1.53 3.68 8.32 2.06 30.72 -1.44 2.71
Car 0.0 0 0.44 313.47 171.87 589.83 274.15 1.60 1.69 3.90 -2.58 1.61 12.55 0.23 7.61
Car 0.0 0 -3.01 486.80 178.63 650.73 240.57 1.56 1.63 4.11 -0.90 1.61 16.79 -3.07 1.75
Car 0.0 0 -1.72 800.88 187.48 864.39 237.38 1.50 1.57 3.72 7.27 2.00 24.03 -1.42 2.93
Car 0.0 0 -1.92 894.25 173.89 1185.37 391.44 1.74 1.65 3.64 4.01 1.81 7.41 -1.38 11.51
Car 0.0 0 -1.73 812.15 188.41 896.23 253.86 1.48 1.54 3.67 6.19 1.91 18.78 -1.40 6.10
Car 0.0 0 0.38 385.57 175.62 614.69 260.43 1.60 1.56 4.20 -2.12 1.64 14.31 0.23 3.12
Car 0.0 0 -3.02 617.92 180.11 692.84 209.39 1.51 1.62 3.73 2.31 1.87 37.57 -2.96 0.34
Car 0.0 0 -2.96 582.75 179.50 680.56 215.11 1.53 1.63 4.09 0.95 1.79 31.10 -2.92 0.23
Car 0.0 0 -2.96 559.67 178.35 664.03 220.19 1.56 1.63 4.02 0.04 1.74 26.82 -2.96 0.29
