Car 0.0 0 -1.42 440.70 181.05 545.55 254.39 1.46 1.69 3.94 -2.59 1.67 16.54 -1.58 10.03
Car 0.0 0 -1.30 269.88 167.49 501.34 324.27 1.65 1.67 3.85 -2.82 1.63 9.73 -1.61 14.39
Car 0.0 0 2.15 94.19 174.35 229.45 222.82 1.45 1.64 3.76 -14.67 1.52 23.88 1.60 5.23
Car 0.0 0 -1.47 492.67 168.90 558.38 229.55 1.77 1.60 3.73 -2.70 1.69 23.43 -1.59 2.04
Car 0.0 0 -0.13 931.56 189.67 1071.20 234.90 1.44 1.75 4.28 13.36 2.04 24.87 0.37 1.98
Car 0.0 0 1.99 239.16 176.47 323.33 209.74 1.36 1.57 3.97 -14.32 1.53 31.63 1.56 2.49
Car 0.0 0 -1.88 719.99 175.89 822.39 241.32 1.74 1.71 4.22 4.49 1.83 20.89 -1.66 5.51
Car 0.0 0 2.32 -18.77 173.35 98.66 237.76 1.58 1.60 3.49 -15.82 1.61 19.25 1.65 2.54
Car 0.0 0 2.13 1079.98 189.95 1237.93 261.22 1.46 1.64 4.33 13.31 1.88 16.69 2.78 0.82
Car 0.0 0 -1.49 538.86 176.79 578.72 209.55 1.56 1.56 3.66 -2.55 1.75 35.72 -1.56 0.34
Car 0.0 0 -1.70 664.84 179.10 699.82 205.06 1.51 1.60 3.87 4.45 1.94 45.18 -1.60 0.36
Car 0.0 0 2.34 2.17 173.49 97.56 236.93 1.55 1.62 3.40 -15.57 1.58 19.16 1.68 0.78
