Car 0.0 0 -1.29 315.52 165.72 488.57 289.25 1.69 1.70 3.96 -3.26 1.62 11.92 -1.57 11.96
Car 0.0 0 -1.84 695.71 184.98 776.95 234.68 1.43 1.53 3.62 3.86 1.83 23.01 -1.67 6.22
Car 0.0 0 -1.44 429.49 177.71 517.13 243.26 1.47 1.64 3.69 -3.34 1.59 17.93 -1.63 8.13
Car 0.0 0 1.97 210.19 172.87 289.02 208.14 1.41 1.50 3.71 -15.51 1.42 31.19 1.51 3.50
Car 0.0 0 -1.50 529.55 174.42 561.34 200.75 1.46 1.61 3.74 -3.83 1.58 42.48 -1.59 1.86
Car 0.0 0 -1.75 680.12 180.66 740.39 220.16 1.48 1.63 3.93 3.88 1.80 29.08 -1.62 1.49
Car 0.0 0 2.15 58.50 167.69 176.22 217.79 1.50 1.49 3.98 -16.78 1.39 24.49 1.55 0.19
Car 0.0 0 1.94 301.96 170.04 367.42 203.10 1.42 1.60 3.68 -13.84 1.37 36.49 1.58 0.25
Car 0.0 0 2.19 4.10 164.88 151.88 221.35 1.50 1.45 3.72 -17.06 1.37 23.53 1.55 0.15
Car 0.0 0 -1.75 663.40 177.22 723.48 215.07 1.52 1.66 4.05 3.66 1.78 32.83 -1.64 0.18
