Car 0.0 0 -0.51 728.08 182.66 972.15 276.85 1.57 1.73 4.34 4.38 1.79 13.58 -0.19 8.44
Car 0.0 0 1.85 272.97 182.42 389.16 263.20 1.76 1.70 3.88 -6.60 1.98 17.30 1.48 5.91
Car 0.0 0 -0.39 674.66 180.98 850.46 254.66 1.70 1.68 3.98 3.58 1.94 17.91 -0.18 4.01
Car 0.0 0 -0.35 599.64 185.50 706.62 227.52 1.52 1.66 3.95 1.52 2.02 27.73 -0.29 1.77
Car 0.0 0 -0.38 637.83 182.98 746.92 237.96 1.58 1.62 3.57 2.47 1.95 22.82 -0.27 1.55
Car 0.0 0 -0.26 585.04 184.47 686.02 222.74 1.53 1.66 4.14 0.99 2.08 31.35 -0.22 1.10
Car 0.0 0 1.79 330.12 192.56 411.68 239.18 1.50 1.69 4.11 -8.30 2.20 25.39 1.47 1.63
Car 0.0 0 -0.12 561.48 181.74 643.43 212.76 1.68 1.76 4.14 -0.48 2.18 39.73 -0.13 0.54
Car 0.0 0 -0.32 652.75 183.85 786.78 242.77 1.63 1.67 3.74 3.11 1.98 21.31 -0.17 0.89
Car 0.0 0 1.77 383.03 192.80 433.51 223.60 1.42 1.61 3.85 -9.78 2.39 35.11 1.50 0.34
Car 0.0 0 -0.18 575.80 183.39 673.79 221.44 1.58 1.70 4.21 0.54 2.13 33.29 -0.16 0.14
Car 0.0 0 -0.61 901.64 188.29 1223.80 345.20 1.51 1.61 3.96 5.26 1.70 8.14 -0.05 1.75
