Car 0.0 0 -1.59 598.65 173.46 631.81 204.90 1.49 1.61 3.60 0.22 1.55 36.65 -1.58 3.08
Car 0.0 0 -2.80 328.39 179.65 456.81 231.96 1.58 1.63 3.77 -6.89 1.81 22.98 -3.10 4.24
Car 0.0 0 -3.02 377.45 179.63 482.98 219.95 1.52 1.61 3.79 -7.08 1.79 28.51 3.02 2.30
Car 0.0 0 -1.90 750.40 184.85 970.11 321.95 1.43 1.59 3.85 2.95 1.60 9.46 -1.57 15.48
Car 0.0 0 -2.72 209.13 188.63 404.08 256.35 1.48 1.66 3.99 -7.37 1.91 17.53 -3.12 8.94
Car 0.0 0 -1.81 701.62 178.20 812.56 255.95 1.48 1.56 3.72 3.05 1.62 15.89 -1.61 8.57
Car 0.0 0 -2.61 51.93 192.46 311.62 297.25 1.52 1.59 3.41 -7.48 1.93 12.36 3.14 6.33
Car 0.0 0 -2.95 401.01 177.34 503.53 215.31 1.61 1.66 4.15 -7.13 1.85 32.72 3.12 0.54
Car 0.0 0 -3.00 447.77 176.00 523.91 204.98 1.55 1.68 4.11 -6.95 1.73 39.86 3.11 0.15
Car 0.0 0 -2.79 261.87 186.46 429.64 243.62 1.46 1.54 4.05 -7.27 1.86 19.93 -3.14 0.99
Car 0.0 0 -3.05 385.38 179.75 486.46 218.89 1.47 1.61 3.94 -6.98 1.80 28.88 3.00 0.20
Car 0.0 0 -2.97 399.79 176.66 498.99 215.16 1.56 1.65 4.04 -7.09 1.79 32.00 3.09 0.20
Car 0.0 0 -2.56 -4.54 199.23 240.35 327.58 1.47 1.57 3.60 -7.42 1.87 9.78 3.12 1.32
