Car 0.0 0 1.94 264.99 198.72 450.86 304.46 1.39 1.60 3.90 -4.00 1.86 12.00 1.60 13.99
Car 0.0 0 -1.57 574.25 183.12 652.38 253.87 1.54 1.68 3.95 0.06 1.80 17.64 -1.57 10.48
Car 0.0 0 0.03 171.88 195.71 255.10 226.06 1.51 1.81 3.37 -20.69 2.72 37.64 -0.47 1.83
Car 0.0 0 -3.07 383.09 185.44 464.56 212.66 1.51 1.69 4.23 -10.72 2.23 41.43 2.96 1.00
Car 0.0 0 1.66 540.75 183.54 583.83 216.63 1.47 1.61 3.97 -2.26 1.99 34.42 1.60 2.44
Car 0.0 0 -1.78 710.80 184.81 855.86 299.43 1.53 1.62 3.78 2.55 1.74 11.71 -1.55 13.93
Car 0.0 0 -1.64 669.04 182.28 724.42 231.17 1.56 1.60 3.94 2.87 1.88 24.69 -1.52 3.27
Car 0.0 0 -2.08 807.49 183.78 1243.41 378.96 1.51 1.59 3.85 2.82 1.64 5.87 -1.55 9.88
Car 0.0 0 -1.70 677.11 184.85 746.69 244.76 1.51 1.54 3.85 2.70 1.84 20.02 -1.56 4.51
Car 0.0 0 0.58 11.74 198.51 104.45 233.41 1.55 1.82 3.24 -25.32 2.72 33.09 -0.08 0.60
Car 0.0 0 -1.57 601.86 173.52 652.97 231.83 1.75 1.69 4.11 0.52 1.83 23.94 -1.54 1.02
Car 0.0 0 0.14 330.48 188.02 401.50 211.93 1.48 1.55 3.93 -15.02 2.39 44.51 -0.19 0.06
