Car 0.0 0 1.73 445.97 178.24 529.73 245.10 1.59 1.62 3.90 -3.21 1.76 19.47 1.57 6.51
Car 0.0 0 1.87 298.56 168.45 472.66 303.05 1.74 1.57 3.64 -3.36 1.73 11.35 1.57 12.60
Car 0.0 0 -1.47 494.30 179.59 552.36 223.75 1.52 1.62 3.85 -3.21 1.80 27.18 -1.59 3.24
Car 0.0 0 2.80 740.42 170.84 972.22 258.73 1.58 1.68 3.96 4.58 1.55 13.93 3.13 4.04
Car 0.0 0 -0.21 666.55 176.38 833.04 234.27 1.54 1.57 4.22 3.85 1.66 20.51 -0.01 0.72
Car 0.0 0 -0.27 702.52 174.39 920.22 249.58 1.53 1.64 4.23 4.13 1.57 15.73 -0.00 1.59
Car 0.0 0 2.83 700.45 174.55 904.00 246.50 1.53 1.65 4.08 4.19 1.59 16.57 3.09 1.18
Car 0.0 0 -0.14 655.05 176.37 784.99 223.46 1.51 1.64 4.34 3.70 1.65 24.76 0.01 0.55
Car 0.0 0 2.91 681.82 175.47 871.95 242.52 1.54 1.62 3.97 3.90 1.63 17.71 3.13 0.47
Car 0.0 0 1.77 398.21 181.73 498.63 262.41 1.56 1.54 3.56 -3.48 1.77 15.97 1.55 0.94
Car 0.0 0 2.79 750.55 170.51 987.15 261.03 1.57 1.66 3.87 4.76 1.54 13.79 3.14 0.82
