Car 0.0 0 1.81 366.61 184.72 451.33 237.47 1.47 1.64 3.92 -6.10 1.85 22.26 1.54 6.07
Car 0.0 0 -0.32 670.74 175.11 802.16 229.84 1.56 1.70 4.07 3.74 1.65 22.12 -0.15 3.62
Car 0.0 0 1.99 211.34 169.86 396.79 287.13 1.76 1.68 4.01 -5.24 1.74 12.85 1.59 9.23
Car 0.0 0 -0.38 718.43 170.12 901.41 245.28 1.69 1.71 3.93 4.55 1.65 17.15 -0.11 5.00
Car 0.0 0 1.76 432.31 183.30 481.95 217.23 1.40 1.48 3.60 -6.66 1.87 31.75 1.55 2.89
Car 0.0 0 -0.10 633.22 172.67 717.86 208.35 1.58 1.72 3.93 2.99 1.59 33.43 -0.01 1.09
Car 0.0 0 -0.28 656.39 175.04 770.75 220.33 1.55 1.67 3.97 3.70 1.66 26.69 -0.14 1.55
Car 0.0 0 -0.38 755.13 175.25 958.00 255.77 1.59 1.63 3.51 5.14 1.68 15.62 -0.05 1.82
Car 0.0 0 -0.53 789.33 172.47 1065.39 277.61 1.61 1.68 3.84 4.96 1.63 12.08 -0.12 1.35
Car 0.0 0 -0.45 768.48 175.85 986.08 263.98 1.58 1.65 3.69 5.09 1.67 14.35 -0.09 1.11
Car 0.0 0 -0.20 640.30 174.60 735.42 212.72 1.52 1.65 3.78 3.25 1.63 30.93 -0.09 0.31
Car 0.0 0 1.74 465.12 181.16 503.51 206.04 1.41 1.61 3.90 -7.26 1.89 41.99 1.57 0.53
Car 0.0 0 -0.31 672.21 174.70 814.96 230.24 1.55 1.67 3.90 3.98 1.66 22.36 -0.12 0.27
