Car 0.0 0 -1.60 454.93 180.16 504.51 225.09 1.7663 1.8572 4.5914 -5.5137 2.0547 30.1561 -1.7262 11.6904
Car 0.0 0 1.98 131.43 195.42 227.39 241.23 1.5441 1.7727 4.5746 -17.0163 2.5471 28.5564 1.4182 11.4008
Car 0.0 0 -1.33 289.54 191.96 424.03 270.09 1.41 1.64 3.92 -5.30 1.84 15.46 -1.67 11.69
Car 0.0 0 2.04 831.70 184.41 977.33 248.89 1.4204 1.6588 4.1432 6.8830 1.5620 16.4597 2.5919 7.9770
Car 0.0 0 2.11 -20.77 203.63 144.84 270.62 1.44 1.64 4.11 -13.15 2.18 17.47 1.46 1.67
Car 0.0 0 2.60 769.15 176.94 910.79 238.78 1.67 1.63 3.82 6.64 1.81 21.12 2.91 2.70
Car 0.0 0 2.74 730.62 180.78 856.27 231.43 1.51 1.60 3.77 6.11 1.85 24.28 2.99 1.09
Car 0.0 0 1.89 209.64 196.98 260.72 223.05 1.5026 1.5400 3.6610 -22.8922 3.0383 43.7665 1.3719 7.9858
Car 0.0 0 2.02 993.68 179.14 1194.03 285.22 1.59 1.66 3.97 8.75 1.71 12.54 2.61 2.68
Car 0.0 0 1.99 897.99 183.55 1070.72 265.70 1.4453 1.6798 4.0932 7.3124 1.5045 13.8314 2.4981 9.0842
