Car 0.0 0 2.09 276.50 190.47 374.36 231.45 1.44 1.60 4.25 -11.15 2.17 28.48 1.72 2.44
Car 0.0 0 -1.50 1028.71 166.26 1070.85 193.39 1.52 1.63 3.98 26.21 1.17 43.20 -0.95 1.57
Car 0.0 0 -2.70 618.16 177.59 711.27 219.85 1.55 1.69 4.17 2.20 1.79 29.05 -2.62 1.06
Car 0.0 0 -0.56 549.31 176.10 669.83 222.85 1.69 1.76 4.35 -0.06 1.83 27.31 -0.56 0.92
Car 0.0 0 -2.04 -27.95 183.61 120.48 282.02 1.75 1.65 3.99 -11.66 1.93 14.10 -2.70 2.12
Car 0.0 0 2.63 122.22 188.61 235.57 229.60 1.51 1.52 4.28 -17.81 2.22 29.93 2.09 0.54
Car 0.0 0 2.62 472.99 188.16 575.51 219.90 1.43 1.65 4.51 -4.10 2.21 34.71 2.50 0.47
Car 0.0 0 3.14 665.24 177.20 740.42 217.31 1.63 1.68 4.39 4.18 1.88 32.48 -3.01 0.31
Car 0.0 0 2.01 243.96 192.26 341.85 229.95 1.43 1.63 4.42 -13.37 2.28 30.56 1.59 0.38
Car 0.0 0 1.75 709.59 174.42 775.40 211.96 1.66 1.68 4.29 6.51 1.80 35.48 1.93 0.23
Car 0.0 0 2.01 223.09 192.19 329.48 229.52 1.43 1.69 4.28 -13.90 2.26 30.42 1.58 0.39
