Car 0.0 0 -0.47 697.14 186.92 905.88 267.35 1.5989 1.7296 4.0129 3.8034 1.7993 14.8222 -0.1638 11.1204
Car 0.0 0 -0.37 649.49 183.67 814.70 254.78 1.67 1.66 4.04 3.02 2.01 18.78 -0.21 4.71
Car 0.0 0 1.80 277.83 182.15 384.36 257.78 1.7990 1.7132 4.3836 -7.2670 2.0718 18.6714 1.4930 12.5149
Car 0.0 0 -0.33 577.77 187.26 683.54 228.17 1.5640 1.7721 4.5148 0.9458 2.1555 29.7283 2.8258 7.6559
Car 0.0 0 -0.27 572.14 186.60 671.82 226.58 1.6716 1.6611 3.9092 0.7239 2.1936 31.9030 2.9140 4.0890
Car 0.0 0 -0.32 607.85 186.54 711.80 232.16 1.5231 1.6193 3.6854 1.6795 2.1193 26.7303 -0.1675 6.5529
Car 0.0 0 -0.36 618.62 184.85 746.77 239.24 1.64 1.67 3.81 2.21 2.07 23.63 -0.26 1.56
Car 0.0 0 -0.59 822.67 187.66 1157.56 312.77 1.50 1.60 3.90 5.20 1.77 10.26 -0.10 4.81
Car 0.0 0 1.77 327.70 195.37 405.97 234.59 1.5059 1.6428 3.9825 -9.4319 2.3452 28.1448 1.3778 7.0679
Car 0.0 0 -0.10 544.99 185.12 610.20 211.77 1.5232 1.6722 4.2239 -1.9017 2.4778 41.5603 -0.0487 9.5816
