Car 0.0 0 -1.85 687.44 181.21 759.76 225.78 1.45 1.53 3.67 3.84 1.75 25.35 -1.69 5.19
Car 0.0 0 -1.37 366.60 164.15 506.37 265.72 1.69 1.69 3.99 -3.17 1.55 13.81 -1.60 11.42
Car 0.0 0 -1.47 447.60 174.24 525.55 233.01 1.46 1.63 3.76 -3.35 1.52 19.98 -1.64 5.32
Car 0.0 0 -1.49 531.93 171.91 563.46 197.37 1.47 1.63 3.91 -3.81 1.44 44.01 -1.57 1.49
Car 0.0 0 -1.73 672.41 176.28 728.52 214.25 1.51 1.63 3.94 3.81 1.69 31.64 -1.61 1.17
Car 0.0 0 -1.05 -53.36 128.04 370.00 376.69 1.93 1.69 4.14 -3.45 1.65 5.99 -1.61 6.01
Car 0.0 0 -0.76 1091.15 179.93 1185.67 224.08 1.57 1.65 3.47 20.82 1.88 27.89 -0.13 0.67
Car 0.0 0 -1.73 659.30 173.34 708.50 208.38 1.53 1.66 4.11 3.44 1.59 34.90 -1.63 0.38
Car 0.0 0 -1.10 1181.23 193.09 1242.37 233.80 1.44 1.56 3.73 23.18 2.21 27.06 -0.41 0.93
Car 0.0 0 1.79 316.13 168.99 370.01 196.32 1.37 1.55 3.74 -13.90 1.17 37.72 1.44 0.29
