Car 0.0 0 1.70 162.66 179.13 220.11 224.94 1.56 1.52 3.37 -15.51 1.82 26.71 1.17 2.60
Car 0.0 0 2.85 354.57 174.28 501.06 227.22 1.61 1.63 4.03 -5.62 1.63 21.96 2.61 1.83
Car 0.0 0 1.67 194.89 176.37 236.50 211.29 1.56 1.61 3.95 -19.65 1.79 36.01 1.17 1.49
Car 0.0 0 1.79 50.05 173.86 185.71 287.82 1.74 1.61 3.74 -8.90 1.80 13.20 1.19 5.08
Car 0.0 0 -0.22 341.30 173.52 441.57 213.65 1.58 1.63 3.91 -8.93 1.62 29.31 -0.52 0.48
Car 0.0 0 -0.65 597.87 186.16 962.15 333.51 1.50 1.64 4.09 2.13 1.70 9.02 -0.42 9.47
Car 0.0 0 -0.20 348.21 173.84 468.63 223.27 1.61 1.60 3.82 -7.01 1.66 24.84 -0.48 0.76
Car 0.0 0 1.74 -38.67 195.01 155.33 354.01 1.51 1.53 3.71 -6.93 1.85 9.07 1.09 5.20
Car 0.0 0 -0.04 318.03 173.37 393.61 200.27 1.58 1.68 3.99 -14.91 1.61 42.04 -0.38 0.13
Car 0.0 0 -0.06 320.67 173.93 394.55 201.02 1.58 1.67 3.97 -14.54 1.63 41.35 -0.40 0.08
