Car 0.0 0 -2.83 283.45 182.64 434.58 242.24 1.63 1.67 3.89 -7.01 1.91 20.27 3.12 5.03
Car 0.0 0 -3.07 352.52 184.59 463.73 227.52 1.50 1.60 3.68 -7.16 1.91 25.76 2.94 3.20
Car 0.0 0 -1.58 594.64 176.42 628.17 207.28 1.49 1.59 3.71 0.01 1.70 36.94 -1.58 3.01
Car 0.0 0 -2.73 128.16 195.16 358.34 275.50 1.47 1.66 4.04 -7.47 1.98 14.93 3.08 11.62
Car 0.0 0 -1.86 710.36 180.26 847.42 274.59 1.47 1.57 3.70 2.94 1.65 13.56 -1.63 11.22
Car 0.0 0 -1.98 772.65 193.99 1111.91 378.27 1.46 1.64 4.16 2.96 1.69 7.54 -1.55 14.83
Car 0.0 0 -2.97 388.93 181.42 491.88 219.84 1.57 1.66 4.11 -7.16 1.93 30.54 3.08 1.01
Car 0.0 0 -2.98 402.74 179.78 502.59 216.74 1.58 1.69 4.27 -7.24 1.93 33.14 3.09 0.51
Car 0.0 0 -2.59 12.07 201.21 230.88 327.01 1.45 1.60 3.59 -7.47 1.94 10.04 3.10 5.56
Car 0.0 0 -3.02 441.23 179.62 516.74 207.81 1.52 1.70 4.25 -7.25 1.88 39.50 3.08 0.13
Car 0.0 0 -2.96 389.65 180.02 491.25 219.95 1.55 1.67 4.10 -7.17 1.91 30.55 3.09 0.18
