Car 0.0 0 -1.83 721.32 179.58 854.41 269.38 1.47 1.64 3.95 3.20 1.62 13.89 -1.59 12.70
Car 0.0 0 -1.59 608.95 174.41 642.10 205.76 1.49 1.62 3.71 0.74 1.59 36.77 -1.57 2.81
Car 0.0 0 -2.78 305.85 188.07 451.31 239.95 1.47 1.65 3.91 -6.93 1.96 21.89 -3.09 6.60
Car 0.0 0 -1.76 695.66 177.72 774.07 236.32 1.48 1.52 3.55 3.33 1.64 20.26 -1.59 5.21
Car 0.0 0 -2.85 360.45 184.15 478.25 228.45 1.49 1.60 3.71 -6.63 1.88 25.28 -3.11 1.88
Car 0.0 0 -2.60 25.34 192.94 317.24 309.08 1.50 1.70 4.17 -6.83 1.84 10.75 3.14 11.04
Car 0.0 0 -2.93 412.51 179.89 507.47 217.83 1.61 1.64 3.94 -6.76 1.95 32.50 -3.13 0.73
Car 0.0 0 -2.95 396.84 181.79 494.15 220.25 1.51 1.61 3.79 -6.76 1.89 29.76 3.11 0.86
Car 0.0 0 -2.70 158.79 192.00 381.20 273.14 1.53 1.63 3.79 -6.85 1.92 14.66 -3.14 5.34
Car 0.0 0 -2.92 440.47 177.48 523.56 211.23 1.71 1.71 4.15 -6.71 1.96 37.60 -3.10 0.48
Car 0.0 0 -2.93 405.75 180.78 502.53 217.79 1.53 1.63 3.85 -6.79 1.90 31.38 3.14 0.14
Car 0.0 0 -2.96 478.94 176.24 534.44 205.51 1.64 1.68 4.00 -6.10 1.88 42.46 -3.10 0.10
