Car 0.0 0 -1.92 788.06 187.67 964.13 296.94 1.49 1.56 3.74 4.16 1.76 12.04 -1.57 13.36
Car 0.0 0 -1.47 504.42 174.14 560.60 218.92 1.63 1.66 3.97 -3.06 1.72 29.03 -1.58 2.04
Car 0.0 0 -1.83 736.75 183.48 855.95 255.16 1.53 1.67 4.36 4.35 1.80 17.59 -1.58 8.01
Car 0.0 0 -1.44 472.53 180.22 545.79 232.60 1.49 1.58 3.69 -3.04 1.72 22.10 -1.58 3.11
Car 0.0 0 -1.73 665.53 174.72 709.31 207.02 1.60 1.60 3.81 4.04 1.73 38.48 -1.62 1.79
Car 0.0 0 -2.10 876.01 192.74 1231.88 379.24 1.50 1.57 3.48 4.15 1.74 7.49 -1.55 13.94
Car 0.0 0 -1.76 705.20 181.80 792.98 236.34 1.46 1.64 4.04 4.19 1.80 22.62 -1.56 0.58
Car 0.0 0 2.26 -7.98 179.43 118.93 241.37 1.46 1.57 3.79 -15.36 1.65 19.07 1.60 1.17
Car 0.0 0 2.25 6.53 178.35 108.92 240.68 1.45 1.59 3.74 -15.25 1.64 19.00 1.60 1.02
Car 0.0 0 -1.23 165.06 148.33 434.79 356.68 1.81 1.71 4.05 -3.26 1.62 8.31 -1.63 2.05
