Car 0.0 0 1.90 240.78 184.12 430.69 331.09 1.59 1.47 3.31 -3.50 1.78 9.57 1.54 14.76
Car 0.0 0 1.75 454.72 183.96 532.75 239.84 1.49 1.58 3.70 -3.33 1.82 20.97 1.59 5.81
Car 0.0 0 1.81 370.71 175.07 499.52 281.90 1.69 1.62 3.83 -3.16 1.77 13.65 1.57 9.62
Car 0.0 0 2.92 658.71 172.47 850.42 239.52 1.62 1.68 4.23 3.62 1.64 18.68 3.12 2.31
Car 0.0 0 -0.46 793.11 168.85 1209.32 327.30 1.54 1.62 4.16 4.22 1.56 8.11 0.03 4.39
Car 0.0 0 -1.47 494.41 177.61 544.59 220.71 1.58 1.52 3.51 -3.70 1.83 29.84 -1.59 0.58
Car 0.0 0 1.63 528.15 177.04 563.48 208.57 1.64 1.60 3.85 -3.60 1.90 40.13 1.54 0.36
Car 0.0 0 -0.86 631.37 172.93 730.74 216.69 1.64 1.69 4.08 2.76 1.65 28.55 -0.77 0.23
Car 0.0 0 -0.22 690.94 175.86 909.46 252.13 1.53 1.64 4.08 4.07 1.63 15.92 0.04 0.48
Car 0.0 0 -0.37 723.90 171.07 1053.60 297.18 1.58 1.60 4.14 4.00 1.69 11.39 0.00 0.97
Car 0.0 0 3.00 655.42 174.34 820.86 233.81 1.55 1.57 4.16 3.62 1.66 20.93 -3.10 0.27
