Car 0.0 0 0.37 297.41 181.54 459.59 232.91 1.44 1.69 4.09 -6.58 1.69 20.72 0.06 5.16
Car 0.0 0 -1.63 633.10 180.00 678.54 219.08 1.54 1.58 3.46 1.82 1.84 29.97 -1.57 3.41
Car 0.0 0 -1.77 667.91 180.32 769.06 252.43 1.56 1.68 4.09 2.49 1.76 17.65 -1.62 8.61
Car 0.0 0 -1.93 712.29 181.02 908.62 299.30 1.53 1.63 4.31 2.90 1.69 11.60 -1.66 13.28
Car 0.0 0 -1.64 617.71 178.86 657.17 212.65 1.56 1.59 3.55 1.27 1.88 35.79 -1.61 2.21
Car 0.0 0 -2.83 353.26 178.07 469.37 223.31 1.55 1.58 3.77 -7.00 1.73 25.50 -3.10 0.93
Car 0.0 0 -2.60 6.69 181.21 331.28 290.29 1.45 1.55 4.29 -6.75 1.63 11.27 3.13 3.52
Car 0.0 0 -3.00 403.64 176.26 494.75 212.23 1.48 1.60 3.98 -7.16 1.67 32.13 3.07 0.39
Car 0.0 0 0.31 388.53 177.33 489.65 216.02 1.50 1.56 3.79 -6.92 1.69 29.30 0.07 0.23
Car 0.0 0 -2.62 0.83 183.04 236.67 336.32 1.44 1.63 3.92 -6.57 1.63 8.08 3.06 1.52
