Car 0.0 0 -0.36 757.37 182.74 931.14 248.50 1.4352 1.5777 3.8133 5.6795 1.6742 17.7909 -0.1593 12.8806
Car 0.0 0 1.78 453.24 181.59 509.35 219.96 1.4426 1.5840 3.9112 -5.1664 1.7963 29.2594 1.5716 13.1663
Car 0.0 0 1.97 236.15 187.69 398.43 283.26 1.4421 1.5864 3.9243 -5.3348 1.7856 13.6482 1.5261 15.1723
Car 0.0 0 1.84 369.72 184.63 466.98 247.26 1.4601 1.5607 3.8141 -5.1203 1.8020 19.4832 1.6014 15.2387
Car 0.0 0 -0.25 721.54 178.35 876.27 235.61 1.5938 1.6395 3.8500 5.2943 1.7005 20.3492 0.0301 11.1051
Car 0.0 0 -0.58 850.44 182.97 1121.99 270.61 1.50 1.69 3.85 6.51 1.66 12.91 -0.10 1.12
Car 0.0 0 -0.12 677.79 180.67 788.12 219.34 1.5510 1.6180 3.6903 12.4110 2.1989 66.5446 0.0147 -0.6007
Car 0.0 0 1.76 481.12 179.77 525.44 210.19 1.5330 1.6265 3.7288 -5.2854 1.7985 34.8860 1.5651 11.4638
Car 0.0 0 -0.09 672.33 174.41 763.26 208.65 1.47 1.63 4.03 4.96 1.60 34.06 0.06 0.14
Car 0.0 0 -0.08 664.95 174.78 739.31 200.99 1.4955 1.6286 3.9544 5.0663 1.6343 39.4203 3.1457 9.1835
