Car 0.0 0 1.83 361.03 186.86 457.23 250.98 1.49 1.62 3.88 -5.25 1.89 19.21 1.55 8.74
Car 0.0 0 -0.06 660.69 176.58 764.01 216.76 1.65 1.76 4.06 4.20 1.81 30.24 0.08 1.95
Car 0.0 0 -0.32 716.02 179.96 899.72 246.67 1.60 1.71 3.99 4.78 1.80 18.29 -0.05 4.54
Car 0.0 0 1.75 443.55 184.73 499.68 224.84 1.49 1.58 3.77 -5.49 1.98 28.90 1.56 4.44
Car 0.0 0 -0.43 777.58 176.48 1054.14 271.68 1.59 1.69 4.12 5.29 1.70 13.25 -0.02 6.94
Car 0.0 0 2.12 81.38 165.02 380.36 336.64 1.76 1.67 3.91 -4.73 1.74 9.60 1.63 10.10
Car 0.0 0 -0.29 691.63 179.07 827.93 233.26 1.56 1.68 4.00 4.51 1.78 22.60 -0.08 1.80
Car 0.0 0 1.74 479.94 184.19 522.40 210.65 1.41 1.61 3.97 -5.90 2.02 39.44 1.59 1.47
Car 0.0 0 -0.26 689.31 179.94 822.03 231.23 1.53 1.63 4.05 4.65 1.80 23.50 -0.06 0.83
Car 0.0 0 -0.34 743.99 179.41 941.38 252.78 1.54 1.64 4.01 5.16 1.75 16.72 -0.03 1.83
