Car 0.0 0 -1.76 700.40 188.78 759.92 233.22 1.52 1.61 3.66 4.33 2.11 26.76 -1.60 4.75
Car 0.0 0 -1.40 462.19 183.78 545.90 249.32 1.52 1.62 3.56 -2.69 1.83 18.73 -1.55 6.39
Car 0.0 0 1.93 302.05 186.76 363.12 215.69 1.44 1.59 3.81 -14.69 2.19 38.28 1.57 2.27
Car 0.0 0 -1.40 498.70 175.92 562.46 230.42 1.78 1.64 3.75 -2.74 1.90 25.28 -1.51 2.73
Car 0.0 0 -1.46 528.33 176.05 576.73 219.68 1.75 1.66 3.99 -2.57 1.96 32.33 -1.54 0.60
Car 0.0 0 -1.69 681.31 187.00 721.11 218.57 1.45 1.56 3.60 4.68 2.25 37.76 -1.57 0.27
Car 0.0 0 2.25 -22.89 190.21 108.44 281.44 1.47 1.51 3.42 -11.18 1.83 13.50 1.59 1.50
Car 0.0 0 1.89 353.76 185.78 403.43 210.99 1.43 1.57 3.65 -14.31 2.27 44.68 1.58 0.37
Car 0.0 0 1.45 659.48 181.76 683.82 205.30 1.58 1.55 3.72 4.45 2.28 52.89 1.54 0.15
Car 0.0 0 2.24 -5.14 188.55 108.50 278.74 1.46 1.48 3.35 -11.05 1.81 13.49 1.59 0.77
