Car 0.0 0 -1.29 224.07 192.82 484.10 353.30 1.45 1.67 4.02 -2.79 1.71 8.73 -1.63 17.85
Car 0.0 0 -1.38 405.34 189.19 513.78 268.38 1.46 1.61 3.52 -3.02 1.78 14.95 -1.58 9.57
Car 0.0 0 2.05 179.19 184.55 305.08 235.66 1.44 1.64 3.99 -11.43 1.82 22.64 1.58 3.78
Car 0.0 0 -1.41 448.60 168.65 534.18 247.57 1.85 1.69 4.13 -3.10 1.81 19.27 -1.57 5.28
Car 0.0 0 2.15 99.24 182.39 217.94 228.03 1.43 1.53 3.60 -15.85 1.81 25.56 1.59 4.01
Car 0.0 0 -1.49 506.30 180.20 561.23 223.77 1.58 1.67 4.06 -2.95 1.89 28.23 -1.59 3.59
Car 0.0 0 -1.71 667.22 184.73 706.32 215.17 1.48 1.56 3.64 3.95 2.13 37.98 -1.61 1.51
Car 0.0 0 1.88 286.48 179.84 381.11 226.01 1.50 1.61 4.09 -10.33 1.81 27.15 1.51 0.59
Car 0.0 0 -1.96 764.33 175.41 957.97 291.21 1.73 1.67 4.08 4.15 1.79 12.78 -1.63 8.57
Car 0.0 0 -0.68 1070.76 196.50 1230.88 270.94 1.50 1.67 4.31 13.00 2.06 16.47 -0.03 5.02
Car 0.0 0 -1.65 645.68 181.60 679.22 205.64 1.55 1.61 4.11 3.49 2.16 49.39 -1.58 0.17
