Car 0.0 0 -1.75 96.96 179.93 218.79 253.89 1.66 1.76 3.82 -11.24 1.83 17.67 -2.31 5.81
Car 0.0 0 2.18 718.08 182.80 810.52 216.83 1.42 1.55 4.21 6.83 1.88 32.12 2.39 2.29
Car 0.0 0 2.11 485.19 183.98 589.18 229.86 1.47 1.65 3.97 -2.62 1.94 26.40 2.01 2.84
Car 0.0 0 -1.51 621.90 179.04 702.07 233.31 1.69 1.67 3.99 1.71 1.91 24.40 -1.44 2.53
Car 0.0 0 -2.49 883.24 166.31 1032.18 221.79 1.50 1.68 4.46 10.45 1.36 21.90 -2.04 2.54
Car 0.0 0 1.09 821.09 165.54 956.04 228.40 1.66 1.71 4.38 7.96 1.49 21.08 1.46 2.09
Car 0.0 0 1.01 984.59 162.18 1108.65 213.89 1.62 1.68 4.40 14.89 1.30 24.87 1.56 0.89
Car 0.0 0 2.66 409.30 184.60 506.71 225.88 1.45 1.63 3.98 -6.30 2.02 29.65 2.45 0.52
Car 0.0 0 -1.68 99.05 179.68 166.44 213.98 1.53 1.69 3.44 -23.60 1.92 35.59 -2.27 0.20
Car 0.0 0 2.03 440.42 184.39 542.84 229.42 1.43 1.73 4.26 -4.61 1.98 27.88 1.87 0.55
Car 0.0 0 2.81 352.50 181.39 449.98 222.81 1.61 1.62 3.64 -9.32 2.09 32.13 2.53 0.39
Car 0.0 0 2.83 355.81 181.93 448.51 221.70 1.60 1.59 3.64 -9.39 2.07 32.49 2.55 0.24
