Car 0.0 0 -1.83 683.29 177.86 746.38 219.35 1.48 1.54 3.51 3.80 1.66 27.11 -1.68 4.46
Car 0.0 0 -1.40 408.37 163.59 518.88 249.39 1.68 1.67 3.96 -3.13 1.50 15.93 -1.60 9.56
Car 0.0 0 -1.47 464.89 171.60 533.66 224.90 1.49 1.61 3.75 -3.33 1.47 22.17 -1.62 3.95
Car 0.0 0 -1.24 116.01 141.31 428.64 368.24 1.81 1.69 4.10 -3.36 1.57 7.90 -1.67 12.61
Car 0.0 0 -1.75 673.94 173.86 728.11 212.87 1.52 1.63 3.99 3.85 1.62 31.88 -1.62 1.29
Car 0.0 0 -1.49 535.22 169.86 564.04 194.17 1.51 1.61 3.68 -3.91 1.34 46.82 -1.58 1.10
Car 0.0 0 -0.66 1065.11 178.88 1176.01 219.73 1.51 1.60 3.81 20.26 1.77 28.49 -0.05 0.58
Car 0.0 0 2.24 -22.10 168.54 103.17 233.46 1.45 1.60 3.47 -14.67 1.38 17.85 1.57 0.61
Car 0.0 0 2.18 63.38 163.90 202.60 218.66 1.43 1.55 3.57 -13.29 1.18 20.25 1.59 0.52
Car 0.0 0 -1.74 658.36 173.22 703.70 204.87 1.51 1.64 4.05 3.54 1.55 37.09 -1.65 0.15
