Car 0.0 0 -1.85 757.88 180.36 878.28 260.85 1.55 1.61 3.58 4.38 1.73 15.90 -1.57 11.24
Car 0.0 0 -1.24 198.55 181.65 480.67 356.57 1.52 1.65 3.81 -2.81 1.63 8.35 -1.59 17.08
Car 0.0 0 -1.33 397.76 167.56 524.67 260.76 1.74 1.68 3.89 -3.06 1.65 15.19 -1.54 7.11
Car 0.0 0 2.08 153.41 183.75 266.37 225.53 1.39 1.61 4.18 -14.77 1.83 26.76 1.58 3.23
Car 0.0 0 -1.77 724.37 181.36 820.33 240.48 1.51 1.68 4.16 4.43 1.76 20.46 -1.55 5.83
Car 0.0 0 -1.69 701.95 179.42 771.78 226.11 1.52 1.63 3.99 4.40 1.77 25.83 -1.51 2.36
Car 0.0 0 -1.48 507.90 176.80 565.08 219.53 1.53 1.59 3.65 -2.85 1.72 28.46 -1.58 0.86
Car 0.0 0 1.46 664.27 173.45 696.98 199.41 1.56 1.61 3.80 4.52 1.64 47.05 1.56 0.92
Car 0.0 0 -1.37 467.53 164.69 555.70 231.54 1.78 1.72 4.12 -2.95 1.63 22.20 -1.51 0.96
Car 0.0 0 -1.49 534.59 176.63 576.29 207.69 1.47 1.62 3.82 -2.75 1.69 36.64 -1.57 0.19
Car 0.0 0 1.92 239.75 178.04 358.67 230.27 1.48 1.58 4.05 -10.51 1.72 24.43 1.52 0.14
