Car 0.0 0 -1.58 584.83 176.72 617.81 207.27 1.50 1.61 3.71 -0.50 1.71 37.38 -1.59 2.71
Car 0.0 0 -2.77 220.53 185.68 391.50 254.93 1.61 1.58 3.60 -7.35 1.93 17.57 3.11 5.80
Car 0.0 0 0.45 108.38 193.11 345.26 273.07 1.52 1.60 3.81 -7.84 1.96 14.91 -0.04 7.55
Car 0.0 0 -2.82 266.82 185.12 419.86 244.33 1.56 1.61 3.84 -7.46 1.94 20.35 3.11 2.52
Car 0.0 0 -3.02 322.88 182.11 453.70 231.48 1.59 1.67 4.07 -7.46 1.92 24.37 2.96 1.67
Car 0.0 0 -2.56 -12.66 190.51 255.40 324.03 1.54 1.64 3.79 -7.30 1.86 9.85 3.13 9.95
Car 0.0 0 -2.98 373.96 183.46 474.88 218.51 1.43 1.64 4.22 -7.80 1.88 30.30 3.05 0.67
Car 0.0 0 -3.03 407.58 182.85 494.07 213.04 1.44 1.66 4.10 -7.96 1.95 35.91 3.04 0.19
Car 0.0 0 -2.95 340.15 182.44 464.18 225.65 1.49 1.55 4.29 -7.78 1.90 27.09 3.06 0.28
Car 0.0 0 -3.08 444.10 181.28 502.65 205.29 1.47 1.68 4.24 -8.33 1.96 43.73 3.01 0.17
