Car 0.0 0 1.69 384.67 187.67 456.50 246.86 1.62 1.62 3.69 -5.67 2.08 21.74 1.43 5.39
Car 0.0 0 -0.34 673.16 195.54 820.89 253.72 1.48 1.55 3.71 3.59 2.10 19.53 -0.15 3.67
Car 0.0 0 -0.40 715.70 191.57 939.95 293.67 1.58 1.68 3.90 3.72 1.96 13.20 -0.11 6.47
Car 0.0 0 -0.26 654.58 192.88 779.64 240.32 1.47 1.55 3.70 3.47 2.16 24.20 -0.11 1.22
Car 0.0 0 -1.48 431.13 189.06 476.91 223.60 1.46 1.51 3.49 -7.27 2.26 33.76 -1.69 1.12
Car 0.0 0 -0.20 628.48 191.42 729.88 233.25 1.47 1.63 4.11 2.67 2.28 29.02 -0.11 0.40
Car 0.0 0 0.96 891.23 200.38 1096.71 278.85 1.49 1.62 4.19 8.05 2.10 15.51 1.45 0.33
Car 0.0 0 2.72 771.32 195.19 999.33 276.98 1.49 1.63 4.15 6.16 2.16 16.67 3.09 0.24
Car 0.0 0 0.95 894.28 199.60 1092.87 279.22 1.49 1.58 4.09 8.48 2.12 16.08 1.43 0.20
Car 0.0 0 1.00 873.08 198.44 1090.91 291.20 1.48 1.61 4.15 7.20 2.06 14.34 1.48 0.18
Car 0.0 0 -0.16 611.49 188.65 689.37 222.05 1.56 1.61 3.91 1.93 2.39 36.48 -0.11 0.04
