Car 0.0 0 -1.66 409.44 174.16 481.18 239.27 1.52 1.60 3.30 -4.33 1.56 18.49 -1.88 8.78
Car 0.0 0 -2.16 748.55 175.35 875.61 224.68 1.45 1.66 3.97 6.19 1.53 22.70 -1.88 4.32
Car 0.0 0 -0.52 657.39 175.04 769.61 214.41 1.46 1.60 3.94 4.03 1.58 28.61 -0.38 2.02
Car 0.0 0 -1.65 396.35 171.34 448.18 216.21 1.51 1.62 3.55 -7.03 1.50 26.72 -1.90 1.31
Car 0.0 0 1.78 248.48 163.81 298.04 192.70 1.56 1.63 3.32 -18.73 1.07 40.15 1.34 1.25
Car 0.0 0 1.85 146.78 172.25 224.50 214.13 1.43 1.77 4.45 -15.96 1.41 27.27 1.32 1.27
Car 0.0 0 2.02 -46.26 176.23 114.93 258.07 1.40 1.65 4.00 -12.01 1.54 15.15 1.35 3.04
Car 0.0 0 -0.14 569.92 172.78 659.64 202.40 1.39 1.64 4.06 0.19 1.42 36.30 -0.13 0.35
Car 0.0 0 2.02 -33.52 176.45 135.06 260.14 1.43 1.65 4.03 -12.13 1.55 15.08 1.36 1.57
Car 0.0 0 1.75 184.15 163.87 240.42 205.01 1.59 1.77 4.27 -17.22 1.25 31.37 1.25 0.34
