Car 0.0 0 -1.73 586.80 183.77 647.70 228.92 1.5717 1.6030 3.4963 0.0803 1.9635 26.5497 -1.7657 13.4289
Car 0.0 0 -3.02 323.93 184.91 427.95 221.90 1.5362 1.6778 4.1684 -9.1630 1.9134 28.3436 2.9530 3.6375
Car 0.0 0 -2.65 255.58 183.34 409.50 241.34 1.4831 1.5720 3.5550 -7.9308 1.8401 20.5652 2.8961 5.9255
Car 0.0 0 -3.07 387.12 179.70 452.30 204.94 1.6592 1.7398 4.2123 -12.7062 2.0478 47.1366 3.1520 3.3623
Car 0.0 0 -1.73 569.20 183.26 622.39 219.59 1.5600 1.6825 4.1074 -0.7610 1.9496 31.5815 -1.7822 8.4629
Car 0.0 0 -3.06 353.90 181.89 437.94 214.15 1.46 1.63 3.83 -10.25 1.91 34.50 2.94 0.16
Car 0.0 0 -2.70 172.05 173.70 374.14 269.00 1.73 1.66 3.83 -6.65 1.79 14.32 -3.14 0.97
Car 0.0 0 0.55 18.03 190.58 287.57 315.11 1.47 1.65 4.17 -6.56 1.72 9.64 -0.02 2.88
Car 0.0 0 -3.05 394.86 179.11 450.28 204.77 1.50 1.69 3.96 -11.48 1.91 44.12 2.98 0.09
Car 0.0 0 -1.64 530.57 177.18 560.52 200.01 2.0765 1.7955 4.5764 -5.4321 2.1426 57.7231 -1.6779 7.8229
