Car 0.0 0 -0.17 680.06 171.42 780.44 208.71 1.52 1.68 3.95 4.88 1.45 29.68 -0.00 2.75
Car 0.0 0 1.85 341.89 190.06 451.05 252.57 1.46 1.62 4.14 -5.62 1.94 19.32 1.56 8.11
Car 0.0 0 -0.48 802.09 166.03 1144.61 292.69 1.66 1.67 3.88 5.05 1.61 10.64 -0.01 9.44
Car 0.0 0 2.79 729.85 174.02 952.58 250.31 1.54 1.69 4.13 4.72 1.58 15.36 3.10 4.07
Car 0.0 0 1.81 411.06 183.62 480.64 229.49 1.49 1.61 3.83 -5.75 1.89 25.69 1.59 3.45
Car 0.0 0 2.09 26.32 203.96 324.53 357.43 1.44 1.56 3.79 -5.27 1.91 9.38 1.55 9.44
Car 0.0 0 -0.61 923.72 178.76 1255.05 336.99 1.50 1.62 3.60 5.64 1.58 8.01 -0.02 8.09
Car 0.0 0 -0.12 650.63 171.90 729.57 200.47 1.53 1.66 3.89 4.20 1.47 38.36 -0.01 0.25
Car 0.0 0 -0.16 662.40 170.81 746.30 201.89 1.51 1.64 3.86 4.55 1.41 35.67 -0.03 0.31
Car 0.0 0 2.80 713.29 174.00 892.53 238.23 1.51 1.64 3.98 4.73 1.57 18.37 3.06 0.46
