Car 0.0 0 -1.62 291.61 179.22 360.54 236.15 1.63 1.68 3.63 -9.00 1.86 22.76 -1.99 5.58
Car 0.0 0 -1.26 53.13 192.18 259.98 302.95 1.46 1.70 4.29 -7.34 1.81 12.08 -1.82 12.94
Car 0.0 0 2.18 1005.65 182.74 1145.26 227.34 1.42 1.51 4.43 16.33 1.77 25.15 2.76 3.51
Car 0.0 0 1.50 901.61 174.45 1022.06 255.93 1.71 1.67 3.84 7.82 1.73 16.31 1.96 6.42
Car 0.0 0 2.02 706.03 181.36 834.67 242.10 1.53 1.67 3.97 4.55 1.79 20.23 2.24 5.22
Car 0.0 0 2.71 572.07 178.86 672.31 225.96 1.68 1.61 3.58 0.44 1.99 28.57 2.72 1.13
Car 0.0 0 2.12 1094.10 178.18 1225.62 228.27 1.49 1.66 4.09 18.05 1.69 23.55 2.77 1.98
Car 0.0 0 2.07 649.25 182.08 769.40 236.95 1.51 1.69 4.19 3.18 1.86 22.92 2.20 1.35
Car 0.0 0 2.09 623.23 181.86 726.20 233.54 1.50 1.59 3.86 2.20 1.91 25.03 2.18 0.76
Car 0.0 0 2.77 546.31 180.97 641.03 221.72 1.62 1.60 3.66 -0.71 2.03 31.42 2.74 0.38
Car 0.0 0 2.85 529.52 182.84 618.40 219.92 1.57 1.62 3.61 -1.72 2.08 33.20 2.80 0.18
Car 0.0 0 2.06 847.09 184.56 957.55 221.96 1.42 1.60 4.04 12.01 1.92 29.86 2.45 0.37
