Car 0.0 0 1.80 345.69 177.07 485.95 286.91 1.6879 1.6136 3.7316 -3.4292 1.7966 13.3127 1.5438 16.2460
Car 0.0 0 1.72 468.57 171.20 533.56 231.55 1.8618 1.6150 3.8008 -3.5759 1.7682 23.6675 1.5449 14.4464
Car 0.0 0 2.90 674.95 170.76 806.23 221.56 1.6263 1.6339 3.8262 4.2730 1.5189 24.3849 3.1000 7.5923
Car 0.0 0 1.69 503.45 175.34 554.63 216.46 1.7418 1.6482 4.0671 -3.4895 1.7827 33.0594 1.5539 9.0896
Car 0.0 0 -0.18 652.82 172.55 772.74 214.19 1.5575 1.6737 4.1432 3.8556 1.6519 29.2504 3.0919 4.6659
Car 0.0 0 -1.52 537.63 175.49 574.99 205.31 1.5142 1.6262 3.9360 -3.4939 1.8515 42.5543 1.9279 9.2454
Car 0.0 0 -0.46 728.29 157.02 1016.31 285.97 1.80 1.68 3.99 3.89 1.56 11.08 -0.11 5.65
Car 0.0 0 -0.04 624.16 171.35 701.01 201.62 1.5212 1.6463 3.8618 3.3045 1.7707 46.9138 2.6348 0.1534
Car 0.0 0 2.51 812.51 173.82 1185.74 323.08 1.4656 1.5765 3.8935 4.3624 1.5478 8.6608 -3.1177 13.2176
Car 0.0 0 -0.18 649.80 173.04 753.43 211.26 1.53 1.65 4.20 3.89 1.57 31.12 -0.06 0.17
