Car 0.0 0 -0.38 818.91 194.27 921.83 238.43 1.55 1.61 3.47 9.58 2.37 26.85 -0.03 2.81
Car 0.0 0 1.87 381.08 210.44 551.19 310.95 1.40 1.57 3.96 -2.29 2.08 12.45 1.68 14.17
Car 0.0 0 -0.25 790.54 194.42 891.46 232.74 1.52 1.70 3.97 9.62 2.44 30.32 0.06 1.84
Car 0.0 0 -0.41 898.69 198.04 1144.56 283.10 1.54 1.71 4.37 8.22 2.11 14.84 0.11 6.81
Car 0.0 0 1.79 504.10 202.30 598.42 274.25 1.45 1.53 3.65 -1.30 2.17 16.91 1.71 7.05
Car 0.0 0 -0.39 870.76 198.12 1023.77 252.83 1.49 1.66 3.84 9.69 2.25 21.06 0.05 2.20
Car 0.0 0 -0.17 757.09 194.23 828.83 223.98 1.49 1.63 3.76 9.49 2.63 37.80 0.08 0.53
Car 0.0 0 -0.23 788.66 192.83 887.61 232.27 1.55 1.69 4.02 9.85 2.48 31.51 0.08 0.51
Car 0.0 0 -0.11 737.98 193.05 806.55 220.97 1.50 1.66 3.93 9.29 2.71 41.70 0.11 0.23
Car 0.0 0 -0.58 1018.17 203.57 1283.68 324.11 1.48 1.64 4.08 7.84 1.97 10.26 0.06 0.82
Car 0.0 0 1.69 581.82 194.06 627.00 227.64 1.44 1.68 3.93 -0.28 2.46 33.95 1.68 0.25
Car 0.0 0 -0.18 759.60 193.62 841.10 225.83 1.51 1.64 3.85 9.45 2.57 36.15 0.08 0.16
