Car 0.0 0 -1.73 686.35 180.61 752.82 227.85 1.52 1.61 4.01 3.73 1.81 25.53 -1.58 5.13
Car 0.0 0 -1.84 746.87 184.70 884.25 284.82 1.50 1.56 3.72 3.45 1.73 12.86 -1.56 13.76
Car 0.0 0 -1.78 719.08 182.67 806.76 250.54 1.53 1.57 3.64 3.73 1.80 18.38 -1.57 8.12
Car 0.0 0 -3.07 512.45 176.88 589.18 207.26 1.53 1.67 3.93 -3.20 1.77 38.27 3.13 0.47
Car 0.0 0 0.24 430.87 175.18 558.39 221.77 1.62 1.66 4.11 -3.92 1.67 24.77 0.09 1.72
Car 0.0 0 -2.10 824.50 187.08 1232.15 375.53 1.49 1.64 3.86 3.40 1.68 6.94 -1.58 12.12
Car 0.0 0 -1.68 671.38 180.10 707.13 210.82 1.51 1.56 3.43 4.02 1.91 37.46 -1.57 0.64
Car 0.0 0 0.49 150.82 172.97 495.22 289.40 1.54 1.58 3.99 -4.00 1.55 10.32 0.12 2.43
Car 0.0 0 -2.96 473.04 177.61 573.70 214.92 1.53 1.60 3.99 -3.67 1.72 30.64 -3.08 0.41
Car 0.0 0 0.58 55.18 156.77 470.15 331.15 1.59 1.66 3.84 -3.78 1.43 7.36 0.13 1.09
Car 0.0 0 -2.84 401.12 175.41 532.95 224.59 1.58 1.63 3.95 -4.45 1.62 22.74 -3.04 0.25
Car 0.0 0 0.57 29.88 162.19 462.67 327.40 1.57 1.62 3.74 -3.75 1.44 7.39 0.10 1.13
Car 0.0 0 -1.66 679.19 180.33 722.89 215.85 1.53 1.56 3.37 4.06 1.88 32.86 -1.53 0.21
Car 0.0 0 -3.06 526.00 176.06 591.90 203.71 1.54 1.68 3.88 -3.01 1.74 41.32 -3.13 0.12
