Car 0.0 0 -2.80 322.10 180.87 518.66 249.52 1.47 1.67 4.17 -4.12 1.62 15.79 -3.06 6.87
Car 0.0 0 0.49 162.34 161.70 467.68 281.10 1.75 1.74 4.22 -4.53 1.59 11.44 0.10 8.75
Car 0.0 0 -1.80 735.78 177.80 888.14 293.45 1.59 1.58 3.56 3.09 1.70 11.96 -1.53 13.29
Car 0.0 0 -1.77 686.63 180.55 783.62 254.47 1.55 1.55 3.91 2.83 1.75 17.41 -1.60 9.21
Car 0.0 0 -1.73 659.22 179.37 714.67 223.88 1.58 1.53 3.64 2.77 1.81 27.14 -1.62 2.16
Car 0.0 0 -3.00 382.44 177.90 533.31 234.66 1.53 1.64 3.80 -4.44 1.71 21.00 3.08 2.03
Car 0.0 0 -3.06 507.44 174.49 570.32 203.80 1.59 1.60 3.57 -3.89 1.66 39.22 3.12 0.52
Car 0.0 0 -3.08 416.39 174.03 542.06 231.23 1.62 1.63 3.62 -4.04 1.68 22.16 3.02 0.68
Car 0.0 0 -1.69 654.88 174.96 695.04 212.36 1.66 1.56 3.57 2.85 1.76 32.91 -1.60 0.11
Car 0.0 0 -1.67 645.15 176.53 680.95 204.56 1.62 1.60 3.73 2.95 1.81 41.28 -1.60 0.09
Car 0.0 0 -3.00 390.85 177.85 529.79 235.25 1.53 1.62 3.80 -4.34 1.72 20.95 3.08 0.23
Car 0.0 0 -3.03 486.40 175.75 565.96 208.22 1.57 1.65 3.57 -4.29 1.73 36.46 3.14 0.05
