Car 0.0 0 -2.67 276.49 181.31 445.72 251.05 1.54 1.63 3.77 -5.74 1.73 16.67 -3.00 6.12
Car 0.0 0 -1.77 667.21 182.88 742.02 238.36 1.48 1.52 3.61 2.65 1.80 21.38 -1.64 7.97
Car 0.0 0 -2.67 139.29 162.80 395.11 291.15 1.77 1.64 3.70 -5.26 1.68 11.22 -3.12 9.50
Car 0.0 0 -2.98 351.55 183.09 469.99 229.46 1.48 1.61 3.82 -6.47 1.80 23.58 3.03 2.01
Car 0.0 0 -1.74 646.97 181.16 710.30 224.97 1.46 1.60 4.09 2.33 1.78 26.30 -1.64 3.52
Car 0.0 0 -3.05 444.81 177.93 514.25 204.35 1.48 1.64 3.86 -7.59 1.79 41.90 3.06 0.26
Car 0.0 0 -2.98 387.95 178.21 493.33 219.21 1.48 1.62 3.92 -6.64 1.71 28.25 3.07 0.35
Car 0.0 0 -1.68 603.44 174.01 632.77 199.11 1.54 1.62 3.44 0.45 1.63 45.69 -1.66 0.46
Car 0.0 0 -3.04 455.13 175.25 519.53 201.68 1.51 1.66 3.82 -7.47 1.68 43.43 3.08 0.16
Car 0.0 0 -3.02 407.58 177.04 500.17 211.85 1.49 1.65 3.96 -7.01 1.71 32.31 3.06 0.08
