Car 0.0 0 2.14 52.40 200.24 194.39 255.05 1.45 1.66 3.82 -14.57 2.32 21.92 1.55 5.81
Car 0.0 0 -1.77 670.50 171.45 754.34 229.69 1.64 1.66 4.02 2.94 1.60 21.93 -1.63 7.87
Car 0.0 0 -1.80 714.56 172.26 867.60 278.32 1.58 1.64 3.93 2.99 1.60 12.95 -1.56 14.13
Car 0.0 0 -1.71 643.31 172.64 691.15 210.50 1.60 1.57 3.59 2.41 1.59 31.60 -1.63 2.88
Car 0.0 0 1.97 259.08 190.92 316.54 218.12 1.45 1.50 3.48 -17.94 2.47 40.23 1.55 2.31
Car 0.0 0 -2.06 803.61 177.60 1168.43 376.10 1.48 1.58 3.66 2.93 1.56 6.57 -1.58 15.00
Car 0.0 0 2.05 188.54 193.99 269.71 226.89 1.44 1.59 4.11 -18.20 2.48 34.59 1.57 2.62
Car 0.0 0 2.25 -17.87 202.10 83.67 262.25 1.51 1.42 3.38 -17.12 2.41 20.93 1.58 2.62
Car 0.0 0 -1.66 631.45 173.06 671.53 206.18 1.59 1.60 3.89 2.03 1.62 36.88 -1.60 0.60
Car 0.0 0 1.94 308.37 188.03 357.03 211.87 1.42 1.61 3.65 -17.66 2.42 46.04 1.57 0.42
