Car 0.0 0 -2.84 256.13 161.42 461.81 245.91 1.73 1.71 4.06 -5.31 1.51 15.68 3.11 8.10
Car 0.0 0 -1.97 750.46 181.67 1026.69 368.37 1.54 1.57 3.54 2.70 1.67 8.00 -1.60 17.54
Car 0.0 0 -2.76 -4.91 171.41 362.19 300.65 1.51 1.66 4.03 -5.62 1.56 9.82 2.99 12.75
Car 0.0 0 -1.85 698.12 177.54 837.24 281.36 1.56 1.61 3.74 2.58 1.68 12.95 -1.63 10.87
Car 0.0 0 0.36 410.98 167.40 524.96 211.77 1.65 1.64 3.84 -5.32 1.44 27.09 0.16 2.34
Car 0.0 0 -1.75 664.79 167.65 752.28 242.98 1.76 1.65 3.94 2.41 1.66 18.86 -1.61 6.63
Car 0.0 0 -2.55 478.66 173.90 555.55 200.49 1.43 1.66 4.00 -4.98 1.46 38.37 -2.68 1.51
Car 0.0 0 -1.73 655.11 171.41 709.16 222.67 1.65 1.56 3.56 2.52 1.66 26.26 -1.63 0.85
Car 0.0 0 -2.86 331.92 167.65 489.44 233.78 1.65 1.64 4.19 -5.48 1.58 19.76 -3.13 0.47
Car 0.0 0 -1.70 651.48 173.50 708.29 219.74 1.63 1.57 3.66 2.49 1.66 27.08 -1.61 0.44
