Car 0.0 0 -1.74 710.93 182.22 774.36 229.70 1.4942 1.5574 3.3140 4.3088 1.7973 24.5175 -1.5889 14.8142
Car 0.0 0 -1.38 436.57 176.36 540.35 251.07 1.7002 1.6288 3.9037 -2.9960 1.7992 18.0353 -1.5401 13.8282
Car 0.0 0 1.94 282.23 178.29 345.18 208.94 1.4987 1.6023 3.8444 -14.6994 1.7126 35.9808 1.5602 9.2012
Car 0.0 0 -1.69 685.81 180.61 729.37 213.85 1.46 1.60 3.88 4.68 1.89 35.31 -1.56 0.39
Car 0.0 0 1.91 338.02 177.04 388.97 203.18 1.42 1.57 3.88 -14.69 1.71 43.15 1.58 0.88
Car 0.0 0 -1.39 482.49 169.21 556.45 226.07 1.8662 1.7389 4.1047 -3.0780 1.7472 25.6619 -1.5555 11.3229
Car 0.0 0 -1.41 515.89 166.85 569.37 214.78 1.79 1.58 3.70 -2.72 1.59 29.35 -1.50 0.60
Car 0.0 0 1.43 659.71 173.46 687.07 197.51 1.65 1.58 3.83 4.61 1.73 53.33 1.52 0.38
Car 0.0 0 -1.42 517.63 168.25 569.78 213.95 1.74 1.61 3.77 -2.72 1.60 29.92 -1.52 0.37
Car 0.0 0 -1.73 695.50 180.80 747.08 221.81 1.49 1.60 3.69 4.58 1.88 30.48 -1.58 0.30
Car 0.0 0 -1.73 696.97 181.24 745.39 219.89 1.49 1.60 3.66 4.67 1.88 30.87 -1.58 0.14
