Car 0.0 0 -1.55 514.03 173.80 554.27 206.84 1.5528 1.6302 3.6446 -3.6959 1.5784 34.8409 -1.6375 12.5679
Car 0.0 0 -1.31 274.71 180.61 467.36 303.52 1.4717 1.5539 3.3448 -3.2310 1.5497 10.4360 -1.5962 14.2532
Car 0.0 0 -1.96 742.94 190.23 886.43 270.58 1.4235 1.4964 3.2769 3.8675 1.7261 14.0895 -1.6743 13.9415
Car 0.0 0 -1.83 719.91 185.88 813.60 243.89 1.4254 1.5326 3.4610 3.8148 1.7261 18.3681 -1.5733 14.1669
Car 0.0 0 1.94 234.60 167.95 306.93 202.84 1.5746 1.5658 3.6973 -15.6516 1.3147 33.6056 1.5429 8.2796
Car 0.0 0 -1.56 535.97 168.79 569.51 197.24 1.67 1.66 4.05 -3.62 1.45 45.21 -1.64 1.61
Car 0.0 0 1.45 662.04 178.72 715.61 204.52 1.41 1.57 3.66 4.29 1.73 40.13 1.56 0.36
Car 0.0 0 -1.84 693.08 182.97 775.20 228.28 1.5167 1.6207 3.8547 3.8995 1.7478 23.3968 -1.6174 6.0105
Car 0.0 0 -1.04 64.65 171.13 199.84 221.88 1.44 1.52 3.79 -16.55 1.51 25.15 -1.63 0.12
Car 0.0 0 1.45 664.43 177.72 715.82 204.94 1.43 1.59 3.69 4.31 1.72 40.06 1.56 0.19
