Car 0.0 0 -0.47 673.60 189.52 776.93 234.61 1.51 1.62 3.53 4.09 2.14 25.95 -0.31 3.58
Car 0.0 0 1.88 268.52 203.80 424.41 302.76 1.40 1.52 3.66 -4.53 2.00 12.81 1.53 11.18
Car 0.0 0 -0.42 645.59 187.29 760.62 229.50 1.53 1.71 4.10 3.55 2.14 28.43 -0.29 2.25
Car 0.0 0 -0.46 782.62 191.35 1086.69 294.86 1.53 1.70 4.37 5.39 1.93 12.55 -0.04 8.90
Car 0.0 0 2.11 3.98 219.15 343.56 379.27 1.33 1.62 3.95 -4.61 1.93 8.13 1.56 7.69
Car 0.0 0 -0.54 603.67 188.17 679.31 219.14 1.43 1.59 3.65 1.52 2.23 36.11 -0.49 0.99
Car 0.0 0 -0.39 730.98 189.64 886.57 249.07 1.50 1.64 3.98 5.53 2.05 20.51 -0.12 1.50
Car 0.0 0 -0.19 635.79 187.51 732.18 226.31 1.55 1.69 3.95 3.12 2.21 31.15 -0.09 0.45
Car 0.0 0 -0.44 736.76 193.86 918.19 258.54 1.46 1.68 4.18 5.53 2.04 18.36 -0.14 1.30
Car 0.0 0 -0.11 585.78 187.39 654.81 216.38 1.44 1.64 3.90 0.53 2.29 39.39 -0.10 0.21
