Car 0.0 0 1.76 471.39 187.12 538.54 230.62 1.41 1.59 3.85 -3.70 1.94 25.80 1.61 4.00
Car 0.0 0 1.87 290.01 199.16 482.14 322.58 1.42 1.65 3.99 -3.12 1.85 10.71 1.57 14.27
Car 0.0 0 -1.67 656.79 185.47 717.93 233.05 1.46 1.51 3.94 2.41 1.87 23.56 -1.56 4.13
Car 0.0 0 -1.57 556.89 186.60 641.50 263.37 1.51 1.68 4.00 -0.26 1.82 16.12 -1.59 10.04
Car 0.0 0 0.07 213.55 194.15 286.30 222.86 1.51 1.82 3.30 -20.03 2.71 40.08 -0.40 1.63
Car 0.0 0 -1.73 676.90 185.50 774.14 264.14 1.50 1.60 4.05 2.35 1.79 15.84 -1.58 9.96
Car 0.0 0 -1.83 729.10 187.44 921.92 323.03 1.50 1.56 3.54 2.67 1.72 9.93 -1.54 16.32
Car 0.0 0 0.09 317.59 189.68 388.87 216.34 1.54 1.69 3.60 -15.43 2.57 43.36 -0.25 0.84
Car 0.0 0 -1.58 576.64 173.79 635.38 238.41 1.76 1.70 4.21 -0.20 1.88 22.90 -1.59 1.20
Car 0.0 0 1.65 506.13 182.49 548.17 215.37 1.47 1.70 4.30 -4.35 2.07 37.83 1.54 0.16
Car 0.0 0 -2.09 831.78 192.98 1263.64 396.07 1.39 1.52 3.24 3.02 1.72 5.42 -1.54 0.77
