Car 0.0 0 -1.32 247.76 188.77 474.98 334.77 1.41 1.61 3.63 -2.96 1.64 9.20 -1.65 18.65
Car 0.0 0 -2.06 813.87 194.90 1063.87 323.08 1.43 1.66 4.10 4.38 1.77 10.46 -1.63 13.82
Car 0.0 0 -1.47 486.54 177.46 555.94 227.76 1.45 1.68 3.93 -2.69 1.60 22.45 -1.59 4.86
Car 0.0 0 -1.38 412.91 168.10 531.56 258.09 1.65 1.70 3.92 -2.80 1.57 15.26 -1.57 10.04
Car 0.0 0 2.02 190.88 170.92 292.41 209.88 1.44 1.67 4.02 -14.11 1.36 27.78 1.55 1.59
Car 0.0 0 -1.50 515.39 170.37 565.20 212.16 1.66 1.65 3.78 -2.91 1.57 30.39 -1.60 1.76
Car 0.0 0 -1.85 694.23 173.45 768.95 224.31 1.77 1.70 4.25 4.41 1.80 27.14 -1.68 3.45
Car 0.0 0 1.93 293.41 169.56 363.29 205.61 1.48 1.66 4.13 -13.94 1.44 35.93 1.56 0.76
Car 0.0 0 1.05 870.64 182.16 975.33 232.71 1.50 1.66 4.16 11.92 1.98 27.91 1.46 0.36
Car 0.0 0 0.86 961.70 181.61 1133.38 241.60 1.47 1.66 3.95 12.24 1.79 20.56 1.40 0.82
Car 0.0 0 1.11 860.22 182.73 956.56 228.31 1.48 1.66 4.20 12.82 2.08 31.33 1.50 0.12
Car 0.0 0 2.05 132.93 170.45 253.77 220.31 1.46 1.55 3.72 -12.67 1.39 22.14 1.53 0.19
Car 0.0 0 1.10 854.18 182.94 943.17 228.99 1.47 1.64 4.16 11.69 2.02 29.73 1.48 0.10
