Car 0.0 0 1.94 265.70 175.66 339.64 207.49 1.38 1.58 3.95 -14.06 1.52 33.19 1.54 3.28
Car 0.0 0 -1.31 354.01 168.60 516.72 287.74 1.64 1.70 3.99 -2.72 1.61 11.93 -1.55 12.80
Car 0.0 0 2.25 5.77 174.17 152.41 229.54 1.54 1.66 3.40 -15.83 1.57 21.61 1.62 4.39
Car 0.0 0 2.13 143.28 175.62 256.19 214.53 1.40 1.63 3.62 -15.45 1.50 27.63 1.61 3.85
Car 0.0 0 -1.48 506.05 171.76 564.95 220.69 1.65 1.67 3.79 -2.69 1.64 26.42 -1.58 2.49
Car 0.0 0 -1.44 467.23 179.92 551.72 241.36 1.45 1.69 3.87 -2.56 1.64 18.86 -1.58 8.15
Car 0.0 0 -0.50 905.58 186.26 1025.35 227.21 1.45 1.70 3.89 13.45 1.98 27.54 -0.04 2.17
Car 0.0 0 -1.85 708.93 174.50 799.88 234.46 1.75 1.70 4.37 4.49 1.83 23.36 -1.65 3.24
Car 0.0 0 -1.50 541.26 174.08 578.58 207.52 1.60 1.61 3.64 -2.58 1.68 36.88 -1.57 0.24
Car 0.0 0 0.80 1030.82 183.20 1225.72 244.25 1.51 1.68 4.53 13.58 1.77 18.92 1.42 0.19
Car 0.0 0 -2.19 935.16 189.56 1283.24 384.18 1.57 1.73 4.30 4.31 1.68 6.33 -1.58 1.60
