Car 0.0 0 -2.81 106.07 181.91 471.05 299.13 1.50 1.66 4.23 -4.50 1.67 10.47 3.06 10.07
Car 0.0 0 -1.80 726.19 184.37 885.25 300.65 1.52 1.56 3.71 2.91 1.75 11.69 -1.54 14.43
Car 0.0 0 -1.76 670.70 181.36 740.75 236.99 1.56 1.51 3.63 2.73 1.80 21.79 -1.63 5.05
Car 0.0 0 -1.80 700.22 183.04 792.84 251.60 1.55 1.47 3.17 3.21 1.80 17.93 -1.61 5.14
Car 0.0 0 -2.91 298.26 180.48 505.62 255.80 1.51 1.68 4.04 -4.55 1.72 16.11 3.09 3.46
Car 0.0 0 -2.12 811.14 170.38 1232.14 379.08 1.59 1.62 3.94 3.09 1.63 6.24 -1.60 10.97
Car 0.0 0 -1.73 662.20 174.93 712.13 219.61 1.62 1.52 3.55 3.00 1.75 29.18 -1.62 0.93
Car 0.0 0 -1.66 647.98 175.50 681.34 205.67 1.61 1.58 3.77 3.05 1.81 41.48 -1.59 0.43
Car 0.0 0 0.59 22.42 146.47 383.66 374.21 1.76 1.75 4.32 -4.46 1.60 5.90 0.07 1.90
Car 0.0 0 -3.13 498.97 173.98 565.03 209.47 1.58 1.60 3.73 -3.67 1.64 33.51 3.05 0.21
Car 0.0 0 -3.08 356.77 168.94 535.71 243.70 1.78 1.73 4.14 -4.13 1.72 17.98 2.98 0.53
Car 0.0 0 -3.07 357.40 170.05 535.30 244.50 1.76 1.71 4.11 -4.17 1.73 18.40 2.99 0.51
