Car 0.0 0 1.84 384.29 182.17 459.88 230.31 1.47 1.64 3.85 -6.14 1.78 23.91 1.59 5.41
Car 0.0 0 1.98 219.72 189.10 385.54 283.19 1.45 1.57 3.83 -5.71 1.81 13.79 1.57 10.46
Car 0.0 0 -0.19 696.90 165.51 923.90 247.09 1.64 1.76 4.31 4.08 1.50 15.43 0.08 6.82
Car 0.0 0 -0.17 656.34 170.14 752.61 206.28 1.48 1.65 3.98 3.79 1.36 29.68 -0.04 1.22
Car 0.0 0 -0.46 799.00 174.37 1057.72 266.66 1.52 1.59 3.56 4.97 1.50 11.92 -0.04 2.31
Car 0.0 0 -0.10 626.77 167.17 706.39 195.46 1.53 1.71 4.28 3.03 1.23 39.45 -0.02 0.41
Car 0.0 0 -0.17 685.64 161.00 832.72 228.37 1.77 1.77 4.22 4.01 1.47 19.81 0.03 0.75
Car 0.0 0 1.79 423.86 179.64 485.61 218.07 1.49 1.58 3.88 -6.53 1.80 30.74 1.58 0.66
Car 0.0 0 -0.24 684.81 162.22 838.42 230.56 1.73 1.75 4.19 3.95 1.47 19.32 -0.03 0.69
Car 0.0 0 1.74 468.23 177.52 511.04 204.32 1.41 1.64 4.03 -6.53 1.66 39.38 1.57 0.36
Car 0.0 0 -0.51 821.48 169.32 1083.63 269.06 1.52 1.60 3.75 5.33 1.45 11.71 -0.07 0.59
