Car 0.0 0 -0.18 681.98 164.45 788.64 203.59 1.53 1.68 3.97 4.95 1.19 28.99 -0.01 2.72
Car 0.0 0 1.84 322.82 184.41 438.80 250.36 1.45 1.62 4.11 -5.65 1.76 18.24 1.54 8.56
Car 0.0 0 2.77 729.44 168.27 965.37 248.44 1.53 1.68 4.15 4.72 1.47 14.94 3.09 5.10
Car 0.0 0 1.85 395.78 178.50 472.01 226.22 1.48 1.61 3.83 -5.85 1.68 24.39 1.61 3.90
Car 0.0 0 -0.50 829.24 157.82 1211.87 298.45 1.67 1.69 3.96 5.27 1.54 9.89 0.01 6.70
Car 0.0 0 2.16 -12.71 200.92 292.32 366.36 1.47 1.56 3.72 -5.34 1.86 8.37 1.59 5.69
Car 0.0 0 -0.30 708.19 167.63 911.39 237.90 1.53 1.63 4.09 4.62 1.46 17.29 -0.03 1.22
Car 0.0 0 -0.17 657.43 165.04 743.62 196.09 1.46 1.63 3.91 4.23 1.09 34.58 -0.04 0.70
Car 0.0 0 -0.51 925.56 167.89 1109.15 229.19 1.49 1.58 3.78 11.40 1.43 20.56 -0.00 0.16
Car 0.0 0 1.77 456.18 175.10 510.58 206.21 1.42 1.62 3.72 -6.04 1.54 34.84 1.59 0.28
