Car 0.0 0 2.17 33.76 211.84 181.80 275.65 1.46 1.47 3.53 -12.82 2.48 18.65 1.56 4.00
Car 0.0 0 -1.36 391.70 196.32 502.35 264.77 1.41 1.63 3.78 -3.80 1.99 17.26 -1.58 11.20
Car 0.0 0 -1.60 527.70 182.84 572.87 224.21 1.64 1.66 3.80 -2.60 2.08 30.73 -1.68 4.93
Car 0.0 0 2.01 176.90 200.56 284.34 251.38 1.62 1.69 4.25 -13.51 2.65 25.92 1.53 4.32
Car 0.0 0 2.11 846.96 180.05 995.61 243.94 1.53 1.57 3.88 8.23 1.74 19.07 2.52 4.21
Car 0.0 0 1.90 276.73 203.22 329.40 228.90 1.40 1.52 3.89 -17.45 3.13 41.15 1.49 1.20
Car 0.0 0 2.17 774.22 177.85 881.32 230.35 1.68 1.70 3.99 7.54 1.91 25.27 2.46 1.34
Car 0.0 0 1.97 1006.89 185.00 1208.54 276.77 1.45 1.59 3.72 9.24 1.69 13.27 2.58 3.87
Car 0.0 0 2.86 721.06 183.23 820.66 221.91 1.54 1.64 3.71 6.87 2.04 31.14 3.08 0.65
Car 0.0 0 2.14 900.22 176.45 1089.25 258.59 1.60 1.66 4.10 8.49 1.69 15.75 2.63 2.43
Car 0.0 0 2.15 808.03 182.23 942.61 239.80 1.50 1.56 4.09 8.06 1.87 21.93 2.50 0.50
