Car 0.0 0 1.79 459.20 191.83 553.88 257.76 1.4946 1.5746 3.5378 -2.5501 1.9501 17.9717 1.6412 15.1679
Car 0.0 0 -1.57 584.60 189.48 665.59 261.81 1.4868 1.6689 3.4780 0.3078 1.8791 16.6085 -1.5190 12.8613
Car 0.0 0 -1.54 619.21 178.84 674.79 237.96 1.8298 1.7205 4.2108 1.3343 2.1130 25.0137 -1.3941 8.6450
Car 0.0 0 -1.72 708.05 190.92 812.25 283.62 1.51 1.53 3.56 2.72 1.90 14.00 -1.52 11.54
Car 0.0 0 -1.71 689.94 190.25 771.95 257.85 1.4991 1.6604 4.0573 2.8781 1.9387 17.9202 -1.3930 9.0593
Car 0.0 0 -2.05 798.54 194.03 1233.67 382.63 1.5247 1.6370 3.9754 2.5644 1.7716 5.5139 -1.5146 13.9587
Car 0.0 0 0.44 158.64 201.27 254.12 236.20 1.46 1.75 3.37 -17.85 2.74 31.87 -0.06 0.70
Car 0.0 0 0.08 220.19 198.58 313.60 235.10 1.5010 1.5700 3.6498 -14.0644 2.4702 30.2708 -0.2666 11.6562
Car 0.0 0 1.67 565.55 185.52 605.27 217.60 1.60 1.63 3.87 -1.33 2.29 38.41 1.64 0.33
Car 0.0 0 0.53 74.86 204.29 177.96 245.87 1.5119 1.5918 3.6407 -19.6550 2.8238 29.3329 2.8447 4.5725
