Car 0.0 0 -2.02 810.44 187.96 1028.39 317.73 1.53 1.60 3.67 4.21 1.78 10.58 -1.61 14.75
Car 0.0 0 -1.38 402.06 180.50 520.92 263.21 1.51 1.67 3.94 -2.99 1.68 14.93 -1.58 9.07
Car 0.0 0 -1.43 468.85 170.87 545.54 234.39 1.68 1.64 4.03 -2.97 1.67 21.34 -1.57 4.84
Car 0.0 0 1.21 743.51 186.46 878.60 262.05 1.47 1.67 4.08 4.35 1.80 16.37 1.48 6.46
Car 0.0 0 1.33 677.93 174.24 734.55 214.80 1.74 1.64 4.00 4.18 1.80 32.42 1.47 2.67
Car 0.0 0 -1.49 505.80 178.86 559.92 220.28 1.50 1.61 3.81 -2.95 1.73 27.83 -1.60 1.24
Car 0.0 0 2.11 90.28 171.63 213.60 220.62 1.43 1.50 3.64 -14.56 1.42 23.19 1.54 0.90
Car 0.0 0 1.12 832.10 181.06 908.63 221.43 1.46 1.55 3.81 12.12 2.00 33.94 1.47 0.22
Car 0.0 0 -1.50 515.81 178.14 562.17 217.75 1.52 1.63 3.80 -2.94 1.77 29.90 -1.60 0.28
Car 0.0 0 1.09 827.69 181.63 907.07 218.12 1.48 1.57 3.86 12.01 1.96 34.06 1.43 0.22
Car 0.0 0 -0.53 864.78 182.09 947.89 222.53 1.53 1.51 3.78 14.03 2.10 34.17 -0.14 0.14
Car 0.0 0 2.26 7.83 173.02 102.36 236.50 1.45 1.64 3.77 -14.66 1.47 18.22 1.60 0.85
