Car 0.0 0 1.76 463.08 181.05 514.73 216.99 1.48 1.55 3.55 -5.25 1.85 31.59 1.59 3.12
Car 0.0 0 1.84 389.46 184.74 475.87 240.90 1.50 1.62 3.80 -5.15 1.86 21.23 1.60 6.67
Car 0.0 0 1.92 282.58 187.94 421.03 268.17 1.50 1.54 3.64 -5.50 1.85 15.78 1.57 9.90
Car 0.0 0 -0.28 741.02 180.24 904.88 238.72 1.49 1.65 3.76 5.42 1.69 19.09 0.01 5.82
Car 0.0 0 -0.11 671.45 178.73 775.43 214.99 1.42 1.64 4.23 4.48 1.68 29.52 0.05 2.03
Car 0.0 0 -0.16 714.33 177.26 854.57 229.35 1.54 1.66 3.85 5.33 1.70 22.70 0.08 2.20
Car 0.0 0 -0.53 813.46 167.94 1115.85 315.48 1.74 1.73 4.06 4.70 1.70 9.88 -0.07 2.35
Car 0.0 0 1.72 488.25 179.65 528.06 207.65 1.47 1.64 3.83 -5.51 1.84 39.24 1.58 0.69
Car 0.0 0 -0.44 792.46 180.20 991.31 258.63 1.46 1.61 3.66 5.42 1.61 14.39 -0.07 0.49
Car 0.0 0 -0.04 659.93 174.96 727.90 198.93 1.45 1.67 4.04 4.81 1.54 41.58 0.08 0.09
