Car 0.0 0 -1.77 723.97 175.67 802.34 231.92 1.54 1.62 3.81 4.45 1.63 21.71 -1.56 7.73
Car 0.0 0 -1.33 388.50 173.41 524.72 267.83 1.46 1.66 3.69 -2.76 1.52 13.49 -1.54 11.46
Car 0.0 0 1.96 242.69 177.78 317.67 212.18 1.43 1.54 3.92 -14.86 1.68 32.61 1.53 3.43
Car 0.0 0 -1.38 464.17 162.71 547.84 229.36 1.73 1.67 3.86 -2.93 1.49 20.72 -1.52 4.15
Car 0.0 0 -1.70 705.48 174.43 781.81 219.62 1.53 1.63 3.97 4.89 1.61 27.07 -1.51 1.38
Car 0.0 0 1.94 302.53 174.74 365.10 204.42 1.45 1.61 3.98 -14.54 1.58 38.17 1.57 1.73
Car 0.0 0 -1.41 501.58 160.75 564.35 213.33 1.81 1.72 4.13 -2.82 1.41 27.02 -1.51 1.65
Car 0.0 0 -1.70 684.16 173.64 737.47 207.53 1.47 1.62 3.87 4.76 1.55 34.73 -1.56 0.64
Car 0.0 0 1.47 662.50 167.83 689.31 191.86 1.62 1.58 3.79 4.70 1.30 52.41 1.56 0.23
Car 0.0 0 -1.47 532.68 167.60 577.38 204.49 1.60 1.62 3.79 -2.66 1.42 34.76 -1.55 0.09
