Car 0.0 0 -2.99 342.61 177.22 465.38 224.75 1.5109 1.6337 4.0793 -7.6221 1.8388 26.0358 3.0242 11.1973
Car 0.0 0 -1.66 636.67 180.64 689.13 222.95 1.5170 1.6002 3.7247 1.8311 1.7425 26.2595 -1.6347 12.8641
Car 0.0 0 -1.79 678.96 185.62 787.31 260.06 1.4330 1.6019 4.1017 2.4096 1.7005 15.4713 -1.5937 12.5635
Car 0.0 0 -1.71 652.79 183.05 722.01 237.18 1.4641 1.5779 3.7380 2.1395 1.7450 21.0130 -1.5906 14.2280
Car 0.0 0 -2.74 144.59 188.64 386.62 272.95 1.4936 1.6459 4.1448 -6.9019 1.8086 14.9174 3.0866 13.2239
Car 0.0 0 0.66 27.93 198.13 318.18 331.87 1.45 1.61 3.92 -6.45 1.84 9.29 0.11 7.40
Car 0.0 0 -2.99 400.65 178.09 492.87 210.50 1.5545 1.7160 4.1862 -8.1088 1.7320 35.0781 0.2148 2.3085
Car 0.0 0 -1.65 625.86 180.25 662.42 212.42 1.58 1.61 3.58 1.66 1.95 36.28 -1.61 0.17
Car 0.0 0 1.72 514.73 181.76 552.02 209.13 1.4223 1.6221 3.8940 -4.1825 1.8895 39.1199 1.5646 6.9378
Car 0.0 0 0.50 238.41 186.11 423.28 251.17 1.44 1.51 3.91 -6.17 1.69 15.97 0.13 0.89
