Car 0.0 0 -1.73 784.46 185.43 874.64 256.09 1.52 1.54 3.59 5.19 1.85 17.61 -1.44 8.25
Car 0.0 0 -1.71 750.56 183.56 801.25 222.32 1.51 1.55 3.76 6.74 1.95 29.83 -1.49 3.23
Car 0.0 0 0.46 237.08 168.65 536.77 285.55 1.62 1.69 3.76 -3.30 1.61 11.29 0.16 8.14
Car 0.0 0 -1.84 823.79 187.68 991.07 303.83 1.50 1.57 3.67 4.51 1.78 11.61 -1.45 14.33
Car 0.0 0 -2.06 885.59 166.38 1268.12 380.02 1.72 1.64 3.76 3.65 1.72 6.32 -1.48 9.82
Car 0.0 0 -1.74 772.44 185.41 839.71 237.73 1.52 1.54 3.64 6.00 1.92 22.69 -1.47 3.77
Car 0.0 0 0.22 528.12 175.88 637.10 216.50 1.60 1.67 4.22 -1.06 1.70 28.55 0.18 1.30
Car 0.0 0 -3.03 583.75 177.54 659.74 207.78 1.50 1.64 3.97 0.54 1.75 37.23 -3.01 0.70
Car 0.0 0 -2.97 430.81 176.48 612.89 245.22 1.50 1.56 4.28 -1.89 1.57 16.17 -3.09 1.15
Car 0.0 0 0.34 295.74 167.40 568.18 268.83 1.65 1.59 4.13 -3.08 1.58 12.85 0.10 2.72
Car 0.0 0 0.31 340.01 171.39 581.81 262.23 1.59 1.55 4.18 -2.81 1.59 13.76 0.11 0.98
Car 0.0 0 -1.67 736.01 181.13 767.82 208.38 1.56 1.63 3.81 8.38 2.06 42.99 -1.47 0.11
