Car 0.0 0 1.81 359.17 188.89 440.05 238.14 1.45 1.66 3.89 -6.75 1.99 23.47 1.53 4.62
Car 0.0 0 -0.58 831.97 178.44 1194.52 307.89 1.55 1.73 4.25 5.41 1.67 10.06 -0.07 9.87
Car 0.0 0 1.95 241.28 176.61 396.78 278.62 1.77 1.68 3.91 -5.63 1.85 14.40 1.57 7.99
Car 0.0 0 -0.34 644.71 179.10 767.75 228.66 1.54 1.69 4.06 3.09 1.78 23.95 -0.21 2.23
Car 0.0 0 1.77 416.34 187.75 466.45 220.63 1.41 1.53 3.73 -7.58 2.08 32.69 1.54 2.62
Car 0.0 0 -0.32 630.08 178.80 738.74 221.30 1.54 1.70 4.07 2.84 1.80 28.15 -0.21 1.23
Car 0.0 0 -0.33 717.78 177.96 889.05 249.37 1.62 1.67 3.62 4.47 1.77 17.43 -0.07 2.78
Car 0.0 0 -0.44 749.29 179.34 973.99 265.96 1.61 1.67 3.92 4.73 1.76 14.43 -0.10 3.18
Car 0.0 0 -0.30 665.44 178.39 797.49 231.64 1.59 1.65 3.82 3.77 1.78 23.03 -0.13 1.36
Car 0.0 0 -0.19 605.76 176.85 684.29 210.29 1.57 1.71 3.69 1.69 1.80 35.93 -0.14 0.60
Car 0.0 0 -0.45 792.04 183.62 1050.20 281.87 1.53 1.63 4.02 5.21 1.76 12.67 -0.04 2.31
Car 0.0 0 -0.32 673.69 176.79 800.66 232.09 1.58 1.66 3.81 3.83 1.75 22.42 -0.15 0.50
Car 0.0 0 1.75 445.23 185.67 484.63 210.64 1.41 1.63 4.16 -8.48 2.17 42.40 1.55 0.24
