Car 0.0 0 -1.72 656.94 181.67 717.65 227.45 1.50 1.57 3.93 2.61 1.82 25.70 -1.61 4.59
Car 0.0 0 0.45 233.69 173.19 482.04 260.85 1.59 1.69 4.16 -4.91 1.64 14.29 0.11 4.13
Car 0.0 0 -1.82 698.72 181.41 840.95 279.17 1.53 1.63 3.88 2.74 1.72 13.50 -1.60 13.44
Car 0.0 0 -3.00 426.32 179.93 537.64 222.00 1.46 1.67 3.90 -4.44 1.68 25.14 3.11 2.14
Car 0.0 0 -1.67 642.04 179.33 680.92 213.67 1.52 1.58 3.60 2.40 1.88 35.07 -1.59 1.43
Car 0.0 0 -1.75 682.56 180.22 754.36 241.85 1.58 1.50 3.29 2.88 1.78 20.13 -1.60 3.65
Car 0.0 0 -2.26 473.58 176.60 556.65 216.17 1.59 1.62 3.67 -4.13 1.77 30.93 -2.39 1.41
Car 0.0 0 -2.91 305.26 172.43 498.67 248.86 1.66 1.66 4.06 -4.73 1.66 16.54 3.09 2.23
Car 0.0 0 -2.09 820.90 189.28 1237.70 378.71 1.49 1.60 3.75 3.08 1.67 6.26 -1.57 10.05
Car 0.0 0 -2.28 490.69 175.36 563.67 211.20 1.64 1.63 3.77 -4.17 1.79 35.49 -2.39 0.19
Car 0.0 0 0.41 352.57 176.76 521.65 238.68 1.54 1.61 4.05 -4.51 1.66 19.11 0.17 0.65
Car 0.0 0 0.31 340.99 172.37 509.71 241.48 1.64 1.59 4.00 -4.67 1.65 18.25 0.06 0.45
