Car 0.0 0 0.38 513.28 168.64 724.25 254.13 1.65 1.67 4.03 0.21 1.57 15.13 0.39 5.86
Car 0.0 0 -1.72 919.66 186.43 995.52 245.36 1.49 1.55 3.70 9.66 1.90 20.35 -1.27 3.69
Car 0.0 0 -1.67 901.44 182.27 950.49 222.26 1.55 1.58 3.66 13.37 2.01 30.75 -1.25 1.67
Car 0.0 0 -2.96 644.09 179.09 766.30 226.38 1.51 1.59 4.05 2.34 1.47 17.60 -2.82 0.52
Car 0.0 0 -3.05 731.01 179.72 813.95 210.08 1.47 1.64 4.11 8.19 1.83 36.44 -2.82 0.47
Car 0.0 0 -1.67 958.72 181.20 1126.50 331.13 1.61 1.58 3.50 5.50 1.76 9.54 -1.13 2.63
Car 0.0 0 -1.67 948.76 185.35 1046.89 271.01 1.58 1.48 3.20 7.97 1.85 15.13 -1.18 0.78
Car 0.0 0 -2.98 705.71 179.60 802.71 214.04 1.52 1.65 4.31 6.31 1.78 31.56 -2.78 0.30
Car 0.0 0 0.35 566.85 175.53 753.14 243.14 1.56 1.56 4.20 1.11 1.63 17.44 0.42 1.27
Car 0.0 0 0.38 592.95 176.91 762.66 238.71 1.53 1.55 4.20 1.59 1.56 17.06 0.47 0.65
Car 0.0 0 -3.02 742.52 179.39 817.74 208.19 1.48 1.63 4.07 8.96 1.83 38.07 -2.79 0.17
