Car 0.0 0 1.76 484.80 186.05 563.86 241.91 1.48 1.63 3.87 -2.51 1.90 21.66 1.65 6.81
Car 0.0 0 -1.55 580.55 185.37 660.77 255.74 1.52 1.69 4.13 0.24 1.82 17.30 -1.54 9.35
Car 0.0 0 -1.70 700.17 187.77 791.06 269.81 1.48 1.54 3.63 2.70 1.83 15.32 -1.52 9.71
Car 0.0 0 0.02 221.52 193.17 324.28 228.05 1.51 1.70 3.91 -15.45 2.45 32.92 -0.41 1.54
Car 0.0 0 -1.96 760.29 192.15 1111.05 383.52 1.50 1.62 3.74 2.56 1.72 6.88 -1.54 12.63
Car 0.0 0 -1.53 613.11 174.78 667.59 233.15 1.79 1.72 4.23 0.98 1.91 24.41 -1.48 2.58
Car 0.0 0 0.50 93.34 199.92 194.82 236.34 1.49 1.73 3.34 -19.76 2.64 30.72 -0.08 1.33
Car 0.0 0 -1.70 682.76 186.43 760.44 248.15 1.51 1.61 4.16 2.84 1.84 19.15 -1.55 4.77
Car 0.0 0 1.69 571.32 181.13 610.40 213.31 1.57 1.66 4.14 -1.00 2.01 37.50 1.66 0.63
Car 0.0 0 0.44 205.89 194.38 289.60 225.41 1.49 1.73 3.59 -18.27 2.59 36.34 -0.02 0.31
