Car 0.0 0 -1.42 420.48 164.70 525.49 252.01 1.82 1.71 4.22 -3.16 1.66 17.12 -1.61 7.81
Car 0.0 0 -1.34 360.02 187.07 500.89 280.63 1.42 1.59 3.57 -3.08 1.67 12.86 -1.58 12.78
Car 0.0 0 2.16 45.91 181.90 221.86 249.98 1.45 1.68 4.40 -11.36 1.68 17.57 1.58 2.29
Car 0.0 0 -1.48 492.78 175.60 555.29 224.08 1.58 1.69 4.15 -2.98 1.68 25.49 -1.59 4.89
Car 0.0 0 -1.73 667.86 179.21 711.99 210.95 1.48 1.59 3.77 3.96 1.84 36.86 -1.61 1.70
Car 0.0 0 -2.03 793.21 164.96 1041.34 310.81 1.72 1.68 4.18 4.25 1.67 10.79 -1.63 8.41
Car 0.0 0 -1.68 646.24 174.50 683.29 201.79 1.55 1.65 4.11 3.34 1.70 45.40 -1.61 0.31
Car 0.0 0 1.99 197.23 181.69 276.16 212.16 1.36 1.62 3.92 -18.62 1.84 36.06 1.51 0.28
Car 0.0 0 -1.08 1128.07 183.23 1246.05 270.56 1.52 1.63 3.91 12.33 1.76 14.46 -0.40 1.02
Car 0.0 0 1.97 271.83 179.51 349.71 210.83 1.45 1.64 3.86 -14.31 1.76 34.80 1.58 0.15
