Car 0.0 0 -1.83 708.28 181.76 876.60 294.33 1.53 1.64 3.80 2.78 1.71 12.08 -1.58 15.83
Car 0.0 0 -1.72 662.28 181.85 726.14 230.74 1.50 1.58 3.93 2.69 1.82 24.39 -1.60 5.49
Car 0.0 0 -2.98 394.83 179.82 533.38 228.17 1.44 1.66 4.15 -4.57 1.68 22.78 3.10 2.47
Car 0.0 0 -2.24 467.30 175.82 555.22 218.57 1.65 1.66 3.82 -4.12 1.79 29.68 -2.37 1.91
Car 0.0 0 -1.77 687.06 180.59 769.37 248.66 1.57 1.51 3.36 2.88 1.78 18.61 -1.60 5.99
Car 0.0 0 0.47 187.67 172.60 472.67 274.57 1.60 1.70 4.13 -4.76 1.64 12.57 0.10 4.39
Car 0.0 0 -1.66 643.73 179.09 684.99 215.17 1.50 1.58 3.73 2.44 1.85 33.66 -1.59 1.87
Car 0.0 0 0.39 334.92 174.12 513.12 244.07 1.65 1.69 3.97 -4.52 1.67 17.65 0.14 2.63
Car 0.0 0 -2.83 288.29 173.04 486.99 254.99 1.66 1.66 4.02 -4.65 1.66 15.25 -3.13 1.38
Car 0.0 0 -2.55 511.12 174.67 571.95 202.79 1.61 1.61 3.67 -4.27 1.76 43.89 -2.64 0.24
Car 0.0 0 -3.00 425.19 178.97 544.85 222.06 1.49 1.64 4.03 -4.55 1.73 26.27 3.11 0.25
