Car 0.0 0 -2.79 287.20 182.37 510.85 259.62 1.47 1.65 4.16 -4.10 1.64 14.31 -3.07 7.37
Car 0.0 0 -1.84 748.38 178.39 936.93 312.05 1.56 1.61 3.69 3.11 1.68 10.55 -1.53 15.81
Car 0.0 0 0.51 80.65 160.26 453.93 299.75 1.69 1.74 4.22 -4.45 1.56 9.72 0.07 9.53
Car 0.0 0 -1.79 695.62 182.30 805.19 263.66 1.54 1.57 3.87 2.90 1.78 15.91 -1.59 10.30
Car 0.0 0 1.41 662.98 180.24 720.06 227.38 1.57 1.53 3.76 2.78 1.84 25.95 1.52 3.14
Car 0.0 0 -3.08 508.91 175.18 571.68 206.36 1.59 1.59 3.54 -3.71 1.72 37.99 3.11 0.69
Car 0.0 0 -3.01 362.57 178.93 525.80 243.29 1.55 1.65 3.86 -4.50 1.77 19.48 3.05 1.77
Car 0.0 0 -3.07 393.50 172.70 543.21 234.95 1.74 1.71 3.95 -4.16 1.76 21.28 3.02 1.20
Car 0.0 0 -1.77 683.22 182.28 754.77 240.39 1.55 1.47 3.26 3.07 1.83 21.28 -1.62 1.29
Car 0.0 0 1.45 647.37 177.09 680.42 207.73 1.59 1.57 3.66 2.89 1.86 40.04 1.52 0.10
Car 0.0 0 -3.05 496.92 176.14 571.59 208.78 1.56 1.59 3.50 -3.91 1.76 36.95 3.13 0.09
