Car 0.0 0 -3.07 333.15 172.57 456.69 220.65 1.53 1.65 3.86 -7.27 1.53 24.37 2.93 2.05
Car 0.0 0 1.42 613.39 167.31 659.63 206.60 1.73 1.64 3.79 1.11 1.48 33.48 1.45 2.22
Car 0.0 0 -2.73 135.14 168.10 388.65 259.56 1.61 1.71 4.04 -6.48 1.55 13.67 3.10 3.58
Car 0.0 0 -3.02 307.90 174.35 440.01 227.60 1.53 1.66 3.81 -6.91 1.56 21.18 2.94 1.89
Car 0.0 0 -1.89 714.97 187.22 907.26 311.39 1.47 1.59 4.10 2.78 1.74 11.13 -1.61 12.94
Car 0.0 0 -2.73 171.85 168.98 396.53 255.47 1.61 1.70 4.02 -6.42 1.54 14.34 3.13 3.68
Car 0.0 0 -3.09 365.61 170.45 470.19 214.54 1.56 1.68 3.83 -7.43 1.52 28.05 2.93 0.45
Car 0.0 0 -2.65 -38.46 177.72 336.99 312.40 1.47 1.64 4.14 -6.13 1.60 9.36 3.06 5.02
Car 0.0 0 1.55 506.56 169.71 541.73 195.94 1.53 1.64 3.65 -5.42 1.37 45.18 1.43 0.86
Car 0.0 0 -3.05 418.05 168.77 500.86 207.38 1.64 1.73 3.98 -7.08 1.50 33.75 3.03 0.23
Car 0.0 0 -2.05 808.47 199.45 1232.97 381.23 1.39 1.46 3.53 3.00 1.82 6.11 -1.53 2.58
Car 0.0 0 -3.06 258.34 173.21 419.54 236.89 1.52 1.62 3.82 -6.92 1.57 18.42 2.86 0.47
