Car 0.0 0 -1.58 610.10 173.83 644.07 206.01 1.5871 1.6800 3.9566 0.9090 1.6604 37.7811 -1.5281 11.8354
Car 0.0 0 -2.81 334.99 188.52 466.10 235.12 1.4084 1.5714 3.7611 -6.8657 1.9317 23.2880 -3.1039 11.0482
Car 0.0 0 -1.76 711.12 177.85 819.60 253.73 1.4397 1.6038 4.0907 3.2335 1.5963 15.8180 -1.5595 14.7369
Car 0.0 0 -2.65 81.78 192.35 357.05 288.26 1.6422 1.7519 4.4200 -7.0015 1.9757 13.2972 -3.0709 13.3015
Car 0.0 0 -1.74 690.69 178.02 757.38 229.22 1.5453 1.6411 3.9625 3.3723 1.5863 21.7320 -1.5561 13.1773
Car 0.0 0 -2.95 415.06 182.44 507.27 217.34 1.4595 1.5932 3.7377 -12.2551 1.4640 68.7931 3.2410 2.6098
Car 0.0 0 -2.92 385.94 183.63 492.95 224.57 1.46 1.60 3.78 -6.55 1.90 27.83 3.14 1.39
Car 0.0 0 -2.75 233.73 191.04 410.01 260.38 1.52 1.65 3.81 -6.85 1.99 17.28 -3.13 5.16
Car 0.0 0 -2.96 441.43 178.06 526.48 211.11 1.5155 1.6550 3.9155 -6.2241 1.9520 35.5061 1.1219 2.2071
Car 0.0 0 -2.07 818.15 144.87 1184.33 369.42 1.87 1.67 3.91 3.44 1.66 7.35 -1.57 4.38
Car 0.0 0 -2.94 406.32 182.54 500.04 218.24 1.4738 1.5857 3.8604 -6.5008 1.8760 29.6813 3.1153 10.8145
