Car 0.0 0 1.15 802.33 192.05 1008.17 307.46 1.4430 1.6098 3.9598 4.1432 1.7391 10.9558 -1.5877 11.8107
Car 0.0 0 -1.34 298.86 184.32 487.06 311.14 1.4193 1.4910 3.4064 -2.9052 1.5812 10.0395 -1.6020 15.5949
Car 0.0 0 -1.47 493.17 176.95 556.39 224.60 1.4298 1.5858 4.1826 -2.7447 1.6104 23.4628 -1.5636 9.9178
Car 0.0 0 -1.40 424.61 167.67 535.34 251.74 1.6408 1.6320 3.8705 -2.8679 1.5737 16.4646 -1.5341 14.4523
Car 0.0 0 -1.87 690.43 173.39 760.71 222.74 1.8497 1.7919 4.3599 4.3680 1.7995 27.8059 -1.5679 10.4718
Car 0.0 0 -1.50 514.61 170.69 564.16 213.01 1.4687 1.5836 3.6906 -3.0032 1.5601 29.8402 -1.5590 8.6177
Car 0.0 0 -0.64 932.82 181.30 1106.84 241.60 1.54 1.66 4.12 11.75 1.84 21.06 -0.12 1.90
Car 0.0 0 1.23 780.43 189.36 847.97 242.87 1.45 1.54 3.17 5.85 1.93 21.17 1.51 0.62
Car 0.0 0 -0.48 823.50 180.61 956.80 227.17 1.49 1.64 4.28 11.44 1.99 29.71 -0.11 0.34
Car 0.0 0 -1.95 834.73 183.63 936.96 228.10 1.48 1.65 4.27 11.46 2.06 30.41 -1.58 0.13
Car 0.0 0 1.97 260.61 170.82 369.39 215.52 1.42 1.59 3.84 -10.73 1.42 26.45 1.59 0.23
Car 0.0 0 -1.51 516.99 170.27 562.85 211.84 1.4687 1.5836 3.6906 -3.0032 1.5601 29.8402 -1.5590 8.6177
