Car 0.0 0 -3.04 424.06 183.32 511.80 216.02 1.48 1.67 3.87 -6.64 1.97 33.70 3.05 2.72
Car 0.0 0 -1.79 663.37 180.08 771.21 256.01 1.52 1.55 3.41 2.24 1.70 16.30 -1.64 11.39
Car 0.0 0 -1.72 635.15 176.76 707.03 234.30 1.58 1.65 4.00 1.69 1.72 21.73 -1.63 6.44
Car 0.0 0 -2.81 205.44 191.87 434.94 274.00 1.51 1.69 4.23 -5.79 1.96 14.95 3.09 9.15
Car 0.0 0 -2.75 76.48 199.82 357.46 317.49 1.50 1.61 3.68 -5.74 1.94 10.82 3.04 8.72
Car 0.0 0 -1.65 602.74 177.32 638.56 206.26 1.48 1.59 3.62 0.51 1.74 39.23 -1.64 2.06
Car 0.0 0 -2.93 288.15 192.04 458.26 249.23 1.45 1.69 4.27 -6.37 1.99 19.47 3.04 4.17
Car 0.0 0 -2.09 787.59 186.00 1215.73 370.72 1.48 1.58 3.72 3.08 1.63 6.33 -1.59 2.96
Car 0.0 0 -2.11 786.43 180.96 1242.29 378.24 1.53 1.61 3.80 3.03 1.66 6.20 -1.59 2.61
Car 0.0 0 -3.05 457.11 178.60 522.85 206.57 1.59 1.66 3.83 -7.07 1.94 42.07 3.07 0.28
