Car 0.0 0 -1.29 251.59 185.97 467.44 326.21 1.47 1.62 3.57 -3.17 1.67 9.69 -1.63 16.91
Car 0.0 0 -1.71 676.42 182.42 719.65 213.81 1.45 1.54 3.66 4.17 1.91 35.13 -1.59 2.38
Car 0.0 0 2.11 109.98 179.48 226.92 224.57 1.42 1.64 4.07 -15.21 1.67 25.07 1.56 4.55
Car 0.0 0 -1.44 470.63 173.14 547.27 230.95 1.61 1.69 4.14 -3.03 1.64 22.08 -1.57 6.06
Car 0.0 0 -1.38 376.83 161.98 506.96 268.08 1.79 1.68 4.03 -3.16 1.63 14.03 -1.61 9.20
Car 0.0 0 2.03 203.37 179.33 284.50 215.18 1.41 1.54 3.65 -15.63 1.71 30.91 1.56 2.60
Car 0.0 0 1.91 267.47 174.02 343.32 214.32 1.61 1.64 3.83 -14.08 1.74 33.59 1.51 0.63
Car 0.0 0 -1.48 496.78 176.12 554.68 221.67 1.58 1.61 3.57 -3.19 1.74 27.67 -1.60 1.46
Car 0.0 0 -2.17 869.54 156.17 1259.65 369.47 1.83 1.73 4.49 4.22 1.68 7.39 -1.60 7.12
Car 0.0 0 2.31 3.96 181.61 100.00 231.77 1.45 1.70 3.72 -18.46 1.76 23.07 1.65 0.62
