Car 0.0 0 1.82 364.70 190.50 459.10 248.83 1.49 1.67 4.06 -5.59 2.01 20.67 1.55 7.00
Car 0.0 0 -0.33 693.59 182.45 853.77 243.03 1.59 1.71 4.09 4.40 1.89 20.17 -0.11 3.86
Car 0.0 0 -0.39 746.73 179.31 986.31 263.95 1.64 1.73 4.21 5.04 1.79 14.92 -0.05 5.87
Car 0.0 0 1.74 441.79 189.19 492.73 225.75 1.44 1.53 3.64 -5.98 2.14 30.49 1.55 3.43
Car 0.0 0 2.07 164.54 171.40 395.72 311.62 1.78 1.64 3.86 -4.96 1.83 11.27 1.64 10.08
Car 0.0 0 -0.25 673.32 182.18 794.51 230.46 1.54 1.69 4.05 4.13 1.89 24.87 -0.08 2.14
Car 0.0 0 -0.14 645.25 179.27 745.99 217.70 1.60 1.74 4.01 3.77 1.94 32.41 -0.02 0.93
Car 0.0 0 -0.51 812.35 182.07 1130.88 289.19 1.60 1.66 3.64 5.63 1.77 11.73 -0.04 2.06
Car 0.0 0 1.73 475.68 187.96 514.71 213.84 1.40 1.60 3.91 -6.34 2.22 40.11 1.58 0.89
Car 0.0 0 -0.31 714.31 182.75 883.24 246.74 1.57 1.67 4.01 4.75 1.85 18.79 -0.05 1.26
Car 0.0 0 -0.26 672.58 182.75 790.08 229.54 1.52 1.66 3.95 4.17 1.90 25.57 -0.10 0.65
Car 0.0 0 -0.54 827.56 175.10 1167.29 305.71 1.67 1.69 3.81 5.50 1.77 10.61 -0.05 0.46
Car 0.0 0 -0.51 818.65 181.14 1115.58 290.05 1.57 1.66 3.73 5.68 1.77 11.95 -0.05 0.45
Car 0.0 0 -0.20 666.06 182.59 780.66 224.09 1.51 1.62 3.89 4.35 1.90 27.56 -0.04 0.17
