Car 0.0 0 -2.85 178.83 181.75 492.21 280.64 1.49 1.66 4.19 -4.33 1.66 11.88 3.07 9.66
Car 0.0 0 -2.00 790.40 176.86 1118.16 372.72 1.59 1.63 3.88 3.21 1.66 7.78 -1.55 16.81
Car 0.0 0 -1.85 714.94 183.02 853.31 286.21 1.54 1.55 3.83 2.92 1.76 13.08 -1.61 13.68
Car 0.0 0 -1.76 693.59 183.58 769.03 244.68 1.55 1.45 3.20 3.17 1.84 19.80 -1.60 4.84
Car 0.0 0 -2.88 326.79 184.66 512.86 250.70 1.48 1.63 3.92 -4.54 1.78 17.50 -3.13 3.21
Car 0.0 0 0.59 2.72 157.97 405.49 353.31 1.77 1.76 4.27 -4.48 1.63 7.18 0.08 7.12
Car 0.0 0 -1.72 661.92 177.49 709.61 218.34 1.59 1.55 3.55 3.08 1.82 30.42 -1.61 0.56
Car 0.0 0 -3.07 508.74 174.98 568.71 209.32 1.63 1.62 3.85 -3.45 1.73 34.94 3.12 0.44
Car 0.0 0 -1.65 648.20 177.40 680.76 205.88 1.58 1.58 3.73 3.06 1.86 41.74 -1.57 0.23
Car 0.0 0 -1.66 648.45 178.57 683.35 206.32 1.56 1.56 3.62 3.07 1.88 40.84 -1.58 0.14
Car 0.0 0 -3.02 380.37 172.28 543.36 239.06 1.74 1.70 4.10 -4.19 1.78 20.18 3.06 0.32
Car 0.0 0 -3.07 354.72 174.45 529.59 244.10 1.70 1.68 3.89 -4.28 1.73 18.48 2.99 0.55
