Car 0.0 0 -1.92 767.23 178.48 1011.99 339.57 1.57 1.63 3.85 3.16 1.67 9.10 -1.54 16.49
Car 0.0 0 -2.83 246.64 181.80 506.68 268.80 1.48 1.66 4.19 -4.21 1.66 13.35 -3.14 9.03
Car 0.0 0 -1.74 667.77 180.64 726.12 230.33 1.57 1.53 3.74 2.87 1.85 24.91 -1.62 3.48
Car 0.0 0 -1.82 705.15 182.16 825.94 273.42 1.55 1.55 3.76 2.89 1.76 14.49 -1.61 12.03
Car 0.0 0 0.53 -0.71 154.66 439.20 320.98 1.70 1.77 4.32 -4.36 1.54 8.24 0.03 10.29
Car 0.0 0 -3.05 361.49 176.29 530.25 242.11 1.59 1.70 3.90 -4.31 1.72 19.13 3.01 2.67
Car 0.0 0 -3.08 495.52 175.34 573.32 208.49 1.66 1.62 3.74 -3.73 1.74 35.40 3.10 0.62
Car 0.0 0 -1.77 688.63 183.30 760.53 241.70 1.53 1.45 3.19 3.12 1.84 20.70 -1.61 2.35
Car 0.0 0 -3.02 389.40 170.48 549.93 235.55 1.80 1.74 4.27 -4.07 1.77 20.89 3.08 0.31
Car 0.0 0 -1.67 652.77 177.15 692.92 212.54 1.62 1.60 3.75 3.06 1.89 36.65 -1.58 0.14
Car 0.0 0 -1.65 647.63 177.00 682.90 205.88 1.62 1.60 3.74 3.10 1.87 41.78 -1.57 0.16
Car 0.0 0 -3.09 511.98 174.39 570.51 206.52 1.59 1.61 3.67 -3.67 1.71 38.18 3.10 0.13
