Car 0.0 0 -1.34 339.76 176.09 508.73 291.92 1.46 1.65 3.73 -2.78 1.55 11.45 -1.59 14.44
Car 0.0 0 -1.80 732.90 175.97 826.82 239.80 1.55 1.64 3.86 4.45 1.67 19.68 -1.57 8.50
Car 0.0 0 1.99 209.43 181.49 297.34 218.45 1.42 1.60 4.13 -14.74 1.78 29.92 1.53 4.04
Car 0.0 0 1.95 283.18 177.20 352.74 209.17 1.46 1.61 4.09 -14.24 1.68 35.28 1.57 2.58
Car 0.0 0 -1.73 715.07 176.09 785.57 225.33 1.51 1.62 3.87 4.62 1.64 24.50 -1.54 2.63
Car 0.0 0 -1.38 444.21 163.53 539.56 239.09 1.73 1.67 3.83 -2.93 1.53 18.35 -1.54 4.71
Car 0.0 0 -1.68 683.93 174.14 723.88 206.66 1.46 1.57 3.75 4.66 1.58 36.21 -1.55 0.33
Car 0.0 0 -1.39 491.39 160.88 562.90 218.34 1.82 1.72 4.12 -2.82 1.46 25.10 -1.51 2.04
Car 0.0 0 1.45 662.91 167.92 691.52 193.41 1.66 1.57 3.64 4.67 1.37 51.00 1.54 0.52
Car 0.0 0 -1.69 695.87 175.65 758.90 217.64 1.50 1.61 3.79 4.60 1.65 29.01 -1.53 0.36
Car 0.0 0 -1.49 527.62 170.61 574.53 207.70 1.51 1.55 3.49 -2.71 1.48 33.15 -1.57 0.17
Car 0.0 0 -1.69 702.01 175.75 764.55 216.21 1.48 1.59 3.64 4.80 1.62 28.59 -1.52 0.13
