Car 0.0 0 -0.31 702.78 170.99 854.91 227.16 1.60 1.70 3.96 4.88 1.56 21.53 -0.08 3.47
Car 0.0 0 1.85 337.43 176.76 451.37 247.86 1.52 1.64 3.99 -5.15 1.63 17.60 1.56 9.28
Car 0.0 0 -0.12 667.15 167.83 775.22 210.15 1.69 1.77 4.00 4.35 1.48 28.81 0.03 2.21
Car 0.0 0 -0.48 815.07 170.83 1132.60 277.04 1.56 1.68 3.99 5.64 1.58 11.83 -0.01 8.20
Car 0.0 0 1.75 444.16 176.12 500.62 217.26 1.47 1.52 3.65 -5.24 1.61 27.77 1.56 4.13
Car 0.0 0 -0.32 733.45 171.57 933.09 242.32 1.57 1.69 4.07 5.10 1.59 17.44 -0.02 3.92
Car 0.0 0 -0.39 773.79 174.15 1001.13 254.63 1.53 1.63 4.01 5.61 1.60 15.16 -0.03 3.54
Car 0.0 0 1.75 482.17 174.33 524.29 203.69 1.42 1.60 3.93 -5.55 1.53 37.88 1.61 1.85
Car 0.0 0 2.16 -30.32 152.03 332.87 360.01 1.84 1.72 4.17 -4.74 1.64 8.03 1.60 5.60
Car 0.0 0 -0.19 659.83 166.58 749.16 201.42 1.68 1.74 4.02 4.52 1.37 34.84 -0.06 0.40
Car 0.0 0 -0.17 683.57 171.38 796.23 215.74 1.52 1.65 3.68 4.71 1.50 26.87 0.00 0.24
