Car 0.0 0 -2.94 378.90 180.71 527.16 233.86 1.47 1.66 4.07 -4.33 1.66 20.13 3.13 3.91
Car 0.0 0 -1.74 670.30 180.86 741.77 238.53 1.54 1.55 3.73 2.72 1.79 21.48 -1.61 7.27
Car 0.0 0 0.40 277.16 170.96 505.27 255.40 1.70 1.72 4.21 -4.56 1.65 15.20 0.11 6.00
Car 0.0 0 -1.95 731.10 181.05 982.73 334.91 1.54 1.66 4.12 2.83 1.67 9.37 -1.62 16.93
Car 0.0 0 -1.80 702.67 180.01 801.55 261.19 1.58 1.49 3.37 2.95 1.75 15.88 -1.60 8.49
Car 0.0 0 -1.69 649.11 179.29 695.68 217.47 1.52 1.55 3.66 2.56 1.82 31.00 -1.60 2.21
Car 0.0 0 0.49 66.67 172.00 451.38 299.76 1.56 1.72 4.38 -4.95 1.63 10.27 0.04 6.34
Car 0.0 0 -3.00 428.82 177.84 545.99 223.39 1.57 1.66 3.86 -4.27 1.73 25.32 3.12 1.67
Car 0.0 0 -3.01 510.89 173.90 568.21 201.86 1.68 1.62 3.64 -4.27 1.72 43.29 -3.11 0.38
Car 0.0 0 -3.02 508.88 173.91 570.52 202.07 1.68 1.63 3.65 -4.27 1.74 43.47 -3.12 0.18
Car 0.0 0 -1.72 656.04 182.31 704.06 220.24 1.50 1.48 3.40 2.79 1.87 29.74 -1.62 0.18
