Car 0.0 0 -1.59 586.81 177.10 620.33 207.97 1.5653 1.6355 3.8189 -0.3515 1.8137 38.5730 -1.5701 8.7781
Car 0.0 0 0.40 232.67 188.49 404.13 249.53 1.52 1.56 3.79 -7.78 1.96 19.33 0.01 5.58
Car 0.0 0 0.28 354.02 182.63 468.48 224.40 1.6988 1.7375 4.4530 -7.6973 1.9215 29.2877 0.0263 9.0076
Car 0.0 0 -2.85 300.26 183.01 440.43 239.00 1.4495 1.5549 3.6412 -15.3421 1.3517 53.3477 3.1613 7.0764
Car 0.0 0 -2.73 110.12 188.82 355.61 277.58 1.54 1.61 3.88 -7.09 1.87 13.82 3.08 9.41
Car 0.0 0 -2.04 778.65 184.89 1147.66 377.95 1.5122 1.5943 3.7786 2.7974 1.6208 6.7673 -1.5917 15.1974
Car 0.0 0 -2.99 395.81 182.56 491.99 214.99 1.6712 1.8086 4.3715 -7.1554 1.9127 31.8232 1.5411 -1.0200
Car 0.0 0 -3.06 425.49 182.10 504.70 210.41 1.46 1.66 4.00 -7.83 1.98 38.87 3.03 0.15
Car 0.0 0 -3.08 443.02 181.51 509.04 207.16 1.48 1.65 3.99 -7.97 2.00 42.70 3.02 0.13
Car 0.0 0 -3.00 401.02 181.65 490.04 215.22 1.6712 1.8086 4.3715 -7.1554 1.9127 31.8232 1.5411 -1.0200
