Car 0.0 0 -0.40 641.73 164.40 790.82 221.97 1.52 1.64 3.68 2.87 1.29 20.41 -0.26 5.05
Car 0.0 0 -0.39 608.77 160.88 742.12 214.63 1.64 1.69 3.97 1.96 1.27 23.29 -0.30 4.37
Car 0.0 0 -0.24 546.67 161.46 635.16 196.60 1.53 1.64 3.96 -0.90 1.02 33.03 -0.27 1.20
Car 0.0 0 -0.50 797.65 161.26 1165.07 285.74 1.53 1.58 4.28 5.32 1.45 10.68 -0.03 3.16
Car 0.0 0 -0.32 579.12 162.23 681.90 203.10 1.55 1.64 3.83 0.70 1.14 28.55 -0.29 0.97
Car 0.0 0 -0.31 595.75 160.36 711.60 209.29 1.64 1.70 4.05 1.52 1.23 26.25 -0.25 1.06
Car 0.0 0 2.10 -40.53 194.30 269.70 366.94 1.36 1.62 3.76 -4.85 1.64 6.94 1.50 3.84
Car 0.0 0 -0.18 536.98 160.61 621.53 192.79 1.54 1.68 4.24 -1.61 0.96 36.79 -0.22 0.31
Car 0.0 0 -0.54 720.68 164.94 928.93 243.46 1.51 1.62 3.85 4.46 1.38 15.33 -0.25 2.23
Car 0.0 0 -0.03 515.70 158.46 580.79 183.38 1.57 1.71 4.17 -3.89 0.67 44.76 -0.11 0.15
Car 0.0 0 -0.56 737.75 165.63 1017.98 263.25 1.49 1.62 4.29 4.64 1.41 12.77 -0.20 1.21
Car 0.0 0 2.49 841.49 158.97 1203.60 350.83 1.60 1.67 4.33 4.68 1.47 6.91 3.01 1.44
