Car 0.0 0 -1.92 740.56 201.80 939.22 330.26 1.44 1.49 3.59 3.04 1.91 10.47 -1.61 13.73
Car 0.0 0 1.42 615.87 180.32 658.84 214.26 1.65 1.64 3.82 1.34 2.06 37.43 1.46 1.82
Car 0.0 0 -1.84 693.10 194.88 815.67 278.22 1.47 1.57 3.95 2.84 1.97 15.39 -1.64 10.66
Car 0.0 0 -2.67 87.24 186.86 374.21 294.65 1.51 1.61 3.57 -5.83 1.78 11.25 3.13 7.10
Car 0.0 0 0.25 359.83 184.26 476.02 227.86 1.51 1.66 3.92 -6.83 1.92 25.63 -0.01 0.86
Car 0.0 0 -2.75 186.04 185.12 421.72 272.64 1.56 1.67 4.17 -5.74 1.79 13.73 3.13 4.98
Car 0.0 0 -3.10 394.71 183.98 490.31 220.28 1.48 1.63 3.70 -7.10 1.95 30.50 2.96 0.67
Car 0.0 0 -3.06 270.57 182.60 442.73 251.05 1.58 1.65 3.79 -6.14 1.82 17.62 2.88 1.33
Car 0.0 0 -3.10 397.20 180.70 494.77 220.42 1.53 1.64 3.73 -7.08 1.94 31.16 2.96 0.28
Car 0.0 0 1.13 489.71 180.79 534.54 206.27 1.60 1.61 3.45 -6.28 2.09 46.02 0.99 0.20
Car 0.0 0 -3.01 261.24 181.03 443.01 252.51 1.58 1.64 3.84 -6.15 1.81 17.36 2.93 0.39
Car 0.0 0 -3.09 397.83 181.68 493.65 219.38 1.52 1.64 3.66 -7.08 1.95 31.08 2.97 0.11
