Car 0.0 0 -1.31 280.04 188.54 498.19 326.85 2.3148 2.0068 5.4616 -10.3497 1.9872 50.6885 1.5906 0.9966
Car 0.0 0 2.01 222.13 181.27 327.41 227.33 1.4769 1.7087 4.4327 -11.2883 1.7501 24.7552 1.5506 12.2458
Car 0.0 0 2.15 125.71 179.36 239.94 223.99 1.45 1.59 3.56 -15.95 1.76 27.19 1.62 3.18
Car 0.0 0 -1.40 426.46 184.86 522.57 258.21 1.4855 1.5759 3.5796 -3.0032 1.7518 16.1679 -1.5806 14.0792
Car 0.0 0 -1.42 455.50 167.92 538.82 241.63 1.84 1.67 3.97 -3.09 1.76 20.21 -1.57 4.52
Car 0.0 0 -0.66 1038.99 196.01 1242.73 264.95 1.49 1.68 4.25 13.04 2.10 17.78 -0.03 5.49
Car 0.0 0 -1.73 665.49 183.90 705.67 212.93 1.4138 1.5360 3.6890 4.1508 2.1349 39.4999 -1.7141 10.3663
Car 0.0 0 -1.48 510.69 177.56 564.35 219.94 1.5715 1.5985 3.8374 -2.8401 1.8489 29.2749 -1.5616 11.7246
Car 0.0 0 -1.95 753.51 175.33 928.07 280.50 1.72 1.68 4.19 4.21 1.80 13.96 -1.64 6.94
Car 0.0 0 1.88 312.78 175.74 392.49 214.20 1.58 1.65 4.06 -12.28 1.80 34.68 1.54 0.25
Car 0.0 0 1.43 646.94 180.04 680.65 204.54 1.54 1.63 4.14 3.60 2.07 49.73 1.51 0.39
Car 0.0 0 2.16 35.31 179.62 133.17 219.22 1.42 1.57 3.20 -18.02 1.57 24.93 1.53 0.09
