Car 0.0 0 -1.88 766.21 179.77 901.88 268.21 1.54 1.60 3.49 4.33 1.71 14.64 -1.58 12.37
Car 0.0 0 -1.78 729.70 179.91 829.81 243.60 1.52 1.68 4.14 4.39 1.73 19.44 -1.55 6.97
Car 0.0 0 -1.18 113.01 179.39 456.85 377.88 1.52 1.63 3.79 -2.81 1.61 7.20 -1.60 16.22
Car 0.0 0 -1.48 504.11 174.97 565.16 217.74 1.53 1.59 3.71 -2.85 1.62 27.75 -1.58 1.27
Car 0.0 0 -1.29 376.63 163.94 517.25 268.12 1.76 1.64 3.66 -3.04 1.61 13.92 -1.51 7.37
Car 0.0 0 2.08 131.99 181.25 257.83 227.84 1.40 1.60 4.04 -14.08 1.73 24.66 1.56 1.54
Car 0.0 0 -1.71 705.76 177.82 779.92 227.45 1.52 1.63 3.91 4.31 1.69 24.24 -1.53 2.14
Car 0.0 0 1.44 664.06 171.40 698.02 198.73 1.60 1.62 3.74 4.43 1.55 45.96 1.54 1.04
Car 0.0 0 -1.37 458.11 159.81 550.89 232.99 1.85 1.73 4.18 -2.95 1.57 20.74 -1.51 2.32
Car 0.0 0 -1.51 529.39 174.50 573.56 208.49 1.51 1.63 3.89 -2.78 1.61 34.75 -1.59 0.24
