Car 0.0 0 -1.67 206.39 181.07 293.96 245.59 1.67 1.71 3.82 -10.37 1.93 20.61 -2.13 5.71
Car 0.0 0 2.59 867.73 179.91 983.84 220.41 1.47 1.63 4.08 12.51 1.80 28.67 3.00 2.86
Car 0.0 0 2.01 604.50 181.95 718.87 235.30 1.55 1.65 4.04 1.75 1.87 23.41 2.08 4.15
Car 0.0 0 1.49 766.94 175.27 858.58 242.67 1.72 1.71 4.11 5.64 1.81 20.52 1.76 4.38
Car 0.0 0 -1.23 -2.36 197.25 190.31 328.89 1.43 1.68 4.01 -7.60 1.81 10.19 -1.85 8.77
Car 0.0 0 -0.65 1011.23 155.35 1221.57 236.39 1.75 1.75 4.61 12.00 1.40 17.53 -0.03 2.70
Car 0.0 0 1.99 558.71 182.07 664.59 231.89 1.50 1.68 4.16 0.07 1.90 25.28 1.99 1.78
Car 0.0 0 2.78 467.94 181.70 558.78 222.47 1.60 1.57 3.56 -4.29 2.08 31.96 2.65 0.35
Car 0.0 0 2.03 529.71 182.07 621.60 228.95 1.51 1.53 3.71 -1.35 1.99 27.93 1.98 0.33
Car 0.0 0 -0.12 369.76 183.39 453.38 213.50 1.46 1.61 3.66 -10.63 2.08 38.40 -0.38 0.21
Car 0.0 0 2.85 459.93 183.45 544.26 220.95 1.57 1.54 3.53 -4.99 2.11 33.16 2.70 0.21
