Car 0.0 0 -2.75 276.87 189.11 449.36 250.11 1.55 1.70 4.05 -6.71 2.03 19.92 -3.08 6.92
Car 0.0 0 -1.58 612.85 171.51 646.27 204.78 1.54 1.65 3.64 0.93 1.50 35.80 -1.55 2.75
Car 0.0 0 -2.64 55.69 205.67 321.69 300.02 1.43 1.62 3.81 -7.48 2.07 12.93 3.12 11.12
Car 0.0 0 -1.73 688.98 172.59 754.66 225.63 1.56 1.62 3.81 3.46 1.57 23.29 -1.58 5.18
Car 0.0 0 -2.84 335.25 188.14 469.37 235.83 1.45 1.60 4.04 -6.83 2.00 24.08 -3.12 2.16
Car 0.0 0 -1.83 734.46 158.03 866.43 264.26 1.81 1.72 4.00 3.51 1.56 14.13 -1.57 6.06
Car 0.0 0 -1.72 679.37 171.74 731.23 214.82 1.59 1.61 3.77 3.74 1.58 29.21 -1.59 1.48
Car 0.0 0 -2.95 371.52 187.42 482.15 226.97 1.37 1.59 3.98 -6.70 1.93 26.66 3.09 0.45
Car 0.0 0 -2.99 446.89 179.45 523.40 212.20 1.57 1.65 3.77 -6.31 1.93 36.16 3.13 0.25
Car 0.0 0 -2.96 395.76 186.23 498.77 221.77 1.38 1.64 4.00 -6.68 1.96 29.79 3.10 0.53
