Car 0.0 0 -1.45 418.16 186.22 498.10 249.23 1.62 1.62 3.70 -4.29 2.02 20.59 -1.65 7.26
Car 0.0 0 1.21 726.45 195.57 865.83 257.40 1.45 1.56 3.63 4.56 2.01 18.10 1.46 3.76
Car 0.0 0 -0.29 704.15 191.25 836.90 243.66 1.47 1.55 3.78 4.84 2.08 22.31 -0.07 2.24
Car 0.0 0 -0.50 760.71 189.91 1088.42 307.95 1.55 1.67 4.02 4.70 1.89 11.21 -0.09 8.17
Car 0.0 0 -0.52 769.36 189.95 1068.48 309.38 1.56 1.61 3.78 4.64 1.90 11.34 -0.11 5.29
Car 0.0 0 -0.21 662.70 186.37 778.21 230.99 1.49 1.62 4.10 4.28 2.12 28.27 -0.06 0.55
Car 0.0 0 -1.46 469.68 188.22 516.77 224.22 1.48 1.49 3.46 -5.25 2.20 32.65 -1.62 0.39
Car 0.0 0 -0.15 652.82 188.26 717.70 216.51 1.57 1.62 3.69 4.04 2.36 39.40 -0.04 0.10
Car 0.0 0 2.76 688.49 189.91 816.50 238.63 1.48 1.56 4.04 4.84 2.13 24.97 2.96 0.33
Car 0.0 0 -1.52 484.15 189.01 519.14 221.95 1.43 1.54 3.51 -5.22 2.24 34.65 -1.67 0.22
