Car 0.0 0 -1.56 573.15 175.04 606.60 203.64 1.5998 1.6799 3.8444 -1.1339 1.5972 38.4863 -1.5762 12.1249
Car 0.0 0 -3.03 397.49 178.78 476.92 208.57 1.4991 1.6339 3.9926 -8.7404 1.7921 36.1443 3.0667 11.9309
Car 0.0 0 -1.48 515.10 178.07 551.36 206.07 1.4654 1.6843 4.0626 -4.0163 1.6712 37.9791 1.5688 8.9454
Car 0.0 0 -2.78 166.85 183.86 359.55 254.93 1.49 1.60 3.98 -7.59 1.73 15.86 3.06 3.73
Car 0.0 0 -2.75 313.26 183.69 433.62 227.30 1.4675 1.5777 3.6508 -7.8945 1.7971 24.5524 -3.2622 11.0271
Car 0.0 0 0.43 248.96 180.22 413.67 236.38 1.57 1.66 4.04 -8.02 1.77 20.79 0.06 3.48
Car 0.0 0 0.50 28.66 171.71 336.86 280.74 1.69 1.74 4.32 -7.63 1.78 13.21 -0.03 3.53
Car 0.0 0 -2.66 -2.09 185.64 263.95 306.99 1.52 1.64 3.76 -7.77 1.82 10.97 3.04 1.96
Car 0.0 0 0.42 214.39 181.02 379.94 242.26 1.52 1.60 3.95 -8.33 1.77 19.27 0.01 0.38
Car 0.0 0 0.43 222.10 178.84 384.98 242.00 1.54 1.64 3.96 -8.26 1.73 19.37 0.03 0.47
