Car 0.0 0 2.85 687.68 165.13 872.71 229.90 1.59 1.71 4.18 4.19 1.40 18.60 3.08 3.89
Car 0.0 0 1.78 402.79 165.68 506.06 254.00 1.73 1.60 3.78 -3.41 1.60 16.20 1.57 9.21
Car 0.0 0 -1.51 515.68 171.90 563.37 209.37 1.52 1.63 3.91 -3.06 1.49 31.61 -1.60 2.99
Car 0.0 0 1.73 474.83 171.47 540.47 224.84 1.57 1.53 3.59 -3.30 1.56 23.60 1.59 2.75
Car 0.0 0 -0.22 650.41 168.31 780.49 216.08 1.54 1.62 4.23 3.67 1.43 25.74 -0.07 0.68
Car 0.0 0 2.06 -21.44 174.56 371.44 367.95 1.59 1.63 3.83 -3.34 1.65 6.31 1.52 8.67
Car 0.0 0 -0.23 658.74 168.73 814.50 223.01 1.55 1.62 4.21 3.76 1.46 22.30 -0.06 1.36
Car 0.0 0 -0.26 665.44 169.04 817.45 221.89 1.53 1.60 4.22 3.94 1.44 22.45 -0.08 0.80
Car 0.0 0 -0.89 619.15 166.57 701.64 200.51 1.57 1.67 3.97 2.49 1.31 35.88 -0.82 0.24
Car 0.0 0 -0.55 867.47 152.02 1210.85 340.10 1.73 1.66 3.68 4.63 1.57 7.98 -0.01 0.64
