Car 0.0 0 -0.37 660.63 177.77 808.94 241.83 1.72 1.72 3.80 3.41 1.90 20.68 -0.20 3.46
Car 0.0 0 -0.56 777.69 181.01 1078.04 288.13 1.53 1.71 4.25 4.85 1.71 11.61 -0.14 9.14
Car 0.0 0 1.88 256.00 181.54 394.07 271.37 1.72 1.70 3.98 -6.07 1.91 15.76 1.51 6.53
Car 0.0 0 1.79 342.66 192.61 426.21 239.89 1.44 1.72 4.16 -7.46 2.12 24.25 1.49 3.17
Car 0.0 0 -0.43 708.48 180.87 919.05 265.94 1.60 1.66 4.03 4.08 1.82 15.15 -0.15 3.39
Car 0.0 0 -0.29 607.78 182.64 712.73 222.59 1.54 1.66 4.14 1.96 1.96 29.64 -0.22 0.98
Car 0.0 0 -0.27 607.11 180.73 712.08 222.59 1.60 1.70 4.18 1.95 1.96 29.74 -0.20 0.84
Car 0.0 0 -0.16 581.28 178.73 662.28 210.47 1.67 1.75 4.05 0.59 1.98 38.53 -0.15 0.61
Car 0.0 0 1.76 402.56 191.46 449.65 222.64 1.40 1.54 3.61 -8.61 2.27 34.02 1.51 1.20
Car 0.0 0 -0.37 624.91 183.48 738.97 228.36 1.52 1.67 3.97 2.44 1.90 25.62 -0.27 0.84
Car 0.0 0 -0.42 708.61 182.72 921.61 265.75 1.57 1.68 4.04 4.18 1.84 15.56 -0.14 0.61
Car 0.0 0 -0.35 679.96 180.65 830.02 245.89 1.61 1.68 3.72 3.72 1.87 19.52 -0.15 0.40
