Car 0.0 0 1.94 249.05 190.56 396.28 277.62 1.45 1.56 3.81 -5.61 1.83 14.50 1.56 10.06
Car 0.0 0 1.82 393.85 183.91 468.14 229.86 1.46 1.63 3.83 -6.09 1.84 24.81 1.57 5.27
Car 0.0 0 -0.16 692.15 168.47 900.62 245.46 1.65 1.74 4.22 4.08 1.57 16.53 0.09 6.58
Car 0.0 0 -0.44 780.70 178.78 1032.80 270.39 1.53 1.59 3.59 4.80 1.59 12.28 -0.04 2.18
Car 0.0 0 -0.10 679.42 162.44 808.74 226.37 1.81 1.76 4.19 3.82 1.53 21.26 0.09 1.50
Car 0.0 0 -0.13 633.36 170.98 722.73 202.44 1.52 1.64 4.22 3.31 1.42 35.00 -0.03 0.32
Car 0.0 0 -0.19 653.21 171.45 746.85 209.04 1.53 1.63 3.81 3.59 1.46 29.57 -0.07 0.82
Car 0.0 0 1.78 436.00 182.47 489.14 218.73 1.46 1.61 4.02 -6.43 1.91 31.83 1.58 0.67
Car 0.0 0 -0.45 786.66 177.85 1044.27 273.16 1.51 1.59 3.70 4.81 1.57 12.03 -0.04 1.22
Car 0.0 0 -0.57 824.68 161.95 1209.33 313.60 1.66 1.71 4.01 4.99 1.60 9.02 -0.06 1.69
