Car 0.0 0 -1.73 701.65 176.48 790.58 241.15 1.49 1.67 3.98 3.34 1.60 18.67 -1.54 8.36
Car 0.0 0 -1.57 610.14 173.14 644.47 205.72 1.51 1.64 3.75 0.82 1.56 36.04 -1.55 3.09
Car 0.0 0 -2.68 159.97 192.13 395.07 273.33 1.53 1.70 4.16 -6.70 1.95 15.00 -3.12 11.46
Car 0.0 0 -2.79 361.22 188.02 479.35 228.99 1.43 1.61 3.89 -6.79 1.97 25.97 -3.05 4.02
Car 0.0 0 -2.95 402.39 183.30 501.03 219.65 1.46 1.61 3.72 -6.60 1.91 30.33 3.12 1.29
Car 0.0 0 -2.80 288.99 189.91 440.92 248.55 1.49 1.66 4.00 -6.62 1.99 19.78 -3.12 3.91
Car 0.0 0 -1.72 685.80 175.01 748.00 222.54 1.52 1.49 3.25 3.51 1.60 24.60 -1.58 2.24
Car 0.0 0 -1.92 778.18 153.34 1011.66 323.18 1.83 1.72 4.12 3.45 1.62 9.62 -1.54 6.78
Car 0.0 0 -2.96 424.09 180.85 514.53 215.19 1.55 1.63 3.86 -6.59 1.93 33.75 3.13 0.51
Car 0.0 0 -2.96 443.96 178.70 525.00 211.47 1.64 1.68 3.96 -6.55 1.95 37.47 -3.14 0.50
Car 0.0 0 -2.99 477.55 178.38 537.78 204.49 1.59 1.70 4.19 -6.14 1.90 43.11 -3.13 0.10
