Car 0.0 0 1.95 349.14 175.61 431.18 218.89 1.5368 1.6400 3.9270 -8.4788 1.6431 27.8766 1.6096 13.1817
Car 0.0 0 -1.96 749.84 178.47 977.23 312.09 1.7167 1.6374 3.9325 3.4550 1.8012 11.0399 -1.6595 13.9602
Car 0.0 0 1.87 412.45 179.83 478.31 211.31 1.48 1.60 3.76 -8.04 1.83 35.53 1.65 2.89
Car 0.0 0 -1.79 691.05 186.00 798.50 255.46 1.44 1.60 3.89 3.03 1.77 17.24 -1.61 9.72
Car 0.0 0 2.14 43.84 178.16 257.53 267.06 1.5140 1.6625 4.2260 -8.7170 1.6044 14.1352 1.5631 15.1539
Car 0.0 0 -1.72 679.64 181.51 747.50 235.44 1.5612 1.6084 3.4345 3.1155 1.8432 22.6911 -1.5560 13.9301
Car 0.0 0 -1.71 658.80 182.00 715.23 223.43 1.4856 1.5354 3.4519 2.7873 1.8558 27.3186 -1.6297 7.0394
Car 0.0 0 -1.67 649.82 180.09 697.98 216.55 1.5208 1.6355 4.0310 2.6495 1.9239 32.5073 -1.6034 5.3949
Car 0.0 0 -1.66 650.49 178.93 695.34 216.59 1.5208 1.6355 4.0310 2.6495 1.9239 32.5073 -1.6034 5.3949
Car 0.0 0 1.81 447.45 179.51 497.96 203.83 1.53 1.54 3.49 -8.43 1.92 44.39 1.62 0.27
