Car 0.0 0 -1.80 677.97 180.44 778.61 251.83 1.56 1.61 3.77 2.72 1.76 17.64 -1.64 9.48
Car 0.0 0 -1.88 747.64 184.96 934.84 314.63 1.47 1.57 3.69 3.05 1.68 10.39 -1.57 16.47
Car 0.0 0 -1.74 654.58 179.93 711.08 221.37 1.50 1.50 3.48 2.71 1.78 28.21 -1.63 2.46
Car 0.0 0 0.51 320.91 175.65 508.84 240.75 1.55 1.65 4.04 -4.85 1.61 17.92 0.25 3.05
Car 0.0 0 0.34 387.52 174.68 526.38 230.09 1.57 1.62 3.86 -4.67 1.64 22.00 0.13 1.31
Car 0.0 0 -3.05 463.00 177.27 552.50 213.75 1.51 1.66 3.82 -4.46 1.71 31.19 3.09 0.96
Car 0.0 0 -1.66 639.04 177.20 675.92 208.71 1.54 1.61 3.77 2.43 1.82 38.37 -1.59 0.85
Car 0.0 0 -3.03 411.80 177.57 539.28 225.12 1.48 1.63 3.97 -4.44 1.65 24.12 3.07 0.90
Car 0.0 0 -3.01 499.53 174.50 561.04 208.85 1.61 1.65 3.70 -3.98 1.71 35.85 -3.12 0.68
Car 0.0 0 -1.69 651.29 180.89 699.80 218.35 1.53 1.60 3.76 2.64 1.84 30.51 -1.60 0.23
Car 0.0 0 -2.92 366.82 174.97 518.36 230.06 1.57 1.60 3.85 -4.74 1.62 20.58 3.14 0.35
Car 0.0 0 -3.06 431.15 176.48 550.62 217.93 1.47 1.62 4.00 -4.70 1.65 27.95 3.06 0.08
