Car 0.0 0 -1.58 666.95 151.40 727.62 211.44 1.61 1.65 3.80 2.56 1.00 21.46 -1.46 7.20
Car 0.0 0 -1.77 776.84 167.39 924.47 276.88 1.48 1.53 3.56 3.72 1.43 11.86 -1.45 13.83
Car 0.0 0 2.11 267.71 145.78 358.68 185.74 1.52 1.65 3.75 -11.90 0.45 29.09 1.72 3.01
Car 0.0 0 1.98 334.58 144.07 401.74 180.81 1.67 1.71 3.78 -11.55 0.31 34.78 1.65 2.61
Car 0.0 0 -1.73 769.23 168.23 865.37 242.16 1.45 1.49 3.29 4.37 1.34 15.88 -1.45 2.61
Car 0.0 0 1.94 400.76 148.90 455.84 174.02 1.48 1.66 3.82 -10.86 0.03 43.33 1.69 1.17
Car 0.0 0 -1.72 747.18 159.83 809.76 211.78 1.49 1.57 3.79 5.11 1.10 22.56 -1.49 1.17
Car 0.0 0 -1.73 746.07 163.33 810.67 213.35 1.49 1.55 3.76 5.15 1.16 22.53 -1.50 1.39
Car 0.0 0 0.23 489.12 151.68 568.67 177.06 1.43 1.63 3.94 -4.67 0.23 41.32 0.12 0.29
Car 0.0 0 -1.65 741.35 155.93 785.81 199.90 1.55 1.58 3.92 6.20 0.96 29.54 -1.44 0.26
