Car 0.0 0 -1.79 727.33 173.62 814.58 233.16 1.54 1.63 3.82 4.47 1.59 20.78 -1.57 7.81
Car 0.0 0 1.96 226.83 178.30 307.61 213.82 1.42 1.55 3.98 -14.85 1.68 31.36 1.52 3.82
Car 0.0 0 -1.31 365.45 173.28 515.88 276.52 1.45 1.65 3.72 -2.79 1.50 12.51 -1.54 12.85
Car 0.0 0 1.94 290.62 174.16 357.54 205.28 1.46 1.60 3.93 -14.43 1.56 36.62 1.57 2.43
Car 0.0 0 -1.40 497.34 159.05 562.48 214.11 1.85 1.73 4.21 -2.82 1.38 26.09 -1.51 2.64
Car 0.0 0 -1.69 711.03 173.12 788.86 220.39 1.53 1.62 3.89 4.85 1.56 25.70 -1.50 1.56
Car 0.0 0 -1.39 452.71 162.21 541.94 233.44 1.72 1.70 3.96 -2.96 1.48 19.36 -1.54 3.37
Car 0.0 0 -1.69 688.95 171.21 746.74 209.80 1.51 1.65 4.07 4.74 1.50 32.43 -1.54 0.45
Car 0.0 0 -1.68 712.91 173.70 780.49 218.03 1.53 1.58 3.79 4.92 1.57 26.66 -1.49 0.29
Car 0.0 0 -1.47 525.01 165.98 573.42 206.31 1.63 1.62 3.81 -2.79 1.40 33.06 -1.55 0.11
Car 0.0 0 1.46 661.70 165.79 688.65 190.33 1.64 1.59 3.79 4.60 1.18 51.55 1.55 0.14
