Car 0.0 0 -1.79 743.76 186.34 862.97 275.52 1.52 1.56 3.70 3.65 1.80 14.35 -1.53 12.47
Car 0.0 0 -1.73 691.72 181.49 750.89 226.37 1.52 1.58 3.92 4.04 1.87 27.02 -1.57 4.37
Car 0.0 0 -1.75 721.29 183.86 801.80 246.02 1.53 1.57 3.62 3.99 1.84 19.77 -1.55 7.12
Car 0.0 0 -1.99 805.28 191.41 1127.42 363.63 1.49 1.64 4.21 3.60 1.70 8.30 -1.54 17.20
Car 0.0 0 -3.05 534.38 176.42 600.88 205.08 1.57 1.67 3.72 -2.51 1.80 41.25 -3.11 0.59
Car 0.0 0 0.58 22.63 156.76 441.73 346.71 1.64 1.71 3.99 -4.62 1.64 7.83 0.10 4.13
Car 0.0 0 0.41 226.12 176.56 517.67 275.10 1.55 1.58 4.12 -3.76 1.60 11.94 0.09 3.59
Car 0.0 0 -2.97 492.44 178.30 586.95 212.83 1.53 1.64 3.99 -3.14 1.75 32.35 -3.07 0.59
Car 0.0 0 -3.05 516.94 177.24 598.08 209.33 1.54 1.65 3.84 -2.78 1.80 37.40 -3.12 0.21
Car 0.0 0 -1.67 676.48 180.82 713.22 209.98 1.49 1.57 3.63 4.48 1.94 38.96 -1.55 0.49
Car 0.0 0 0.51 80.15 165.46 470.06 304.38 1.59 1.62 4.07 -4.07 1.52 9.14 0.08 2.13
Car 0.0 0 -2.88 390.45 175.44 531.93 232.68 1.57 1.64 4.01 -4.09 1.61 19.92 -3.08 0.28
Car 0.0 0 0.23 430.07 175.86 558.08 223.94 1.62 1.66 4.14 -3.89 1.68 24.27 0.07 0.35
Car 0.0 0 0.57 100.33 169.02 466.08 347.03 1.58 1.68 3.98 -4.31 1.65 7.37 0.15 1.33
