Car 0.0 0 -2.79 322.31 188.98 465.96 243.71 1.60 1.70 3.89 -6.65 2.12 22.39 -3.08 5.11
Car 0.0 0 -2.68 144.03 203.24 367.91 283.96 1.44 1.62 3.86 -7.47 2.16 15.39 -3.14 11.31
Car 0.0 0 -1.58 614.09 173.27 647.34 205.73 1.54 1.65 3.67 1.00 1.58 36.34 -1.55 2.17
Car 0.0 0 -1.71 684.49 173.91 741.95 221.65 1.54 1.60 3.85 3.51 1.59 25.40 -1.56 4.26
Car 0.0 0 -2.92 362.24 188.20 484.73 234.19 1.46 1.61 4.05 -6.71 2.09 26.02 3.11 1.70
Car 0.0 0 -1.77 722.09 160.66 827.82 251.46 1.80 1.70 4.03 3.57 1.56 16.41 -1.55 6.38
Car 0.0 0 -2.98 409.29 187.56 504.04 221.05 1.38 1.61 4.02 -6.72 2.05 31.83 3.09 0.96
Car 0.0 0 -2.96 444.67 182.26 526.23 215.12 1.52 1.68 4.04 -6.32 2.04 36.40 -3.13 0.56
Car 0.0 0 -1.67 677.65 173.18 724.50 213.02 1.60 1.60 3.85 3.90 1.65 31.66 -1.55 0.56
Car 0.0 0 -2.98 375.82 188.60 491.79 228.85 1.38 1.56 3.98 -6.63 2.02 27.37 3.06 0.37
Car 0.0 0 -2.98 465.58 181.72 526.69 209.84 1.50 1.68 4.01 -6.19 1.98 39.14 -3.14 0.15
