Car 0.0 0 1.96 255.88 175.93 331.39 208.67 1.38 1.55 3.95 -14.33 1.54 32.87 1.55 3.70
Car 0.0 0 -1.42 458.83 181.09 549.68 247.95 1.46 1.67 3.89 -2.54 1.67 17.83 -1.56 9.79
Car 0.0 0 -1.28 319.57 168.61 510.83 304.31 1.64 1.67 3.88 -2.73 1.62 10.72 -1.55 13.85
Car 0.0 0 2.14 118.57 174.91 245.84 220.47 1.41 1.67 3.65 -14.44 1.51 24.61 1.61 5.16
Car 0.0 0 -0.48 929.93 189.73 1055.98 231.26 1.44 1.73 4.12 13.92 2.07 26.56 0.00 2.24
Car 0.0 0 -1.48 502.18 169.67 565.12 224.08 1.74 1.67 3.89 -2.64 1.67 25.40 -1.58 3.36
Car 0.0 0 -1.88 715.47 175.41 810.62 237.91 1.77 1.71 4.21 4.52 1.86 22.18 -1.67 5.43
Car 0.0 0 2.31 -0.78 173.35 128.18 231.89 1.55 1.64 3.43 -16.19 1.57 20.95 1.66 3.72
Car 0.0 0 -1.49 540.39 174.91 579.26 207.75 1.61 1.60 3.73 -2.56 1.71 36.55 -1.56 0.54
Car 0.0 0 0.87 1072.37 186.39 1225.69 271.47 1.49 1.69 4.30 12.31 1.84 15.54 1.51 0.23
Car 0.0 0 0.85 1070.31 185.93 1241.53 269.29 1.49 1.66 4.19 12.81 1.85 16.25 1.50 0.21
Car 0.0 0 2.12 1068.69 186.06 1253.20 263.47 1.46 1.62 3.99 12.79 1.83 16.76 2.77 0.14
