Car 0.0 0 -1.59 758.84 144.70 826.76 212.05 1.60 1.66 3.68 4.75 0.88 18.89 -1.34 9.44
Car 0.0 0 -1.74 860.31 153.62 976.55 241.94 1.47 1.57 3.75 5.83 1.12 14.09 -1.33 10.51
Car 0.0 0 2.00 432.06 144.21 501.90 179.42 1.45 1.62 3.71 -6.28 0.20 32.03 1.80 2.13
Car 0.0 0 -2.45 139.11 140.03 279.76 191.81 1.72 1.82 3.99 -13.82 0.63 25.04 -2.96 1.42
Car 0.0 0 -1.09 918.74 185.50 1211.37 329.45 1.29 1.62 3.65 5.29 1.47 8.51 -0.53 4.52
Car 0.0 0 0.65 74.06 151.24 205.18 202.45 1.44 1.61 3.74 -15.01 0.83 22.06 0.07 1.13
Car 0.0 0 1.89 537.02 139.85 581.38 165.53 1.58 1.67 3.78 -3.16 -0.50 45.83 1.82 0.74
Car 0.0 0 -1.72 851.29 148.75 919.44 206.80 1.49 1.51 3.75 7.80 0.83 20.79 -1.35 1.05
Car 0.0 0 1.90 482.41 141.08 536.93 172.91 1.61 1.71 3.78 -5.28 -0.06 38.46 1.76 0.90
Car 0.0 0 -1.67 845.74 146.68 903.69 196.72 1.55 1.57 3.89 8.68 0.71 24.05 -1.32 0.96
Car 0.0 0 -1.71 848.13 149.62 919.97 205.62 1.48 1.53 3.80 7.74 0.83 20.78 -1.35 0.42
