Car 0.0 0 -1.94 38.39 186.30 183.29 265.61 1.69 1.77 3.73 -11.64 1.96 16.59 -2.55 5.47
Car 0.0 0 2.64 641.65 189.39 738.58 220.96 1.42 1.63 4.44 3.77 2.21 33.94 2.75 1.66
Car 0.0 0 -0.51 742.96 173.40 857.84 230.84 1.69 1.74 4.37 5.97 1.73 23.08 -0.25 2.80
Car 0.0 0 -2.49 797.55 176.21 938.52 225.33 1.50 1.65 4.54 8.56 1.66 24.17 -2.15 2.44
Car 0.0 0 2.05 427.97 192.89 519.86 234.54 1.42 1.66 4.13 -5.19 2.24 27.86 1.87 1.72
Car 0.0 0 -1.54 556.92 185.58 630.30 236.46 1.68 1.68 3.99 -0.66 2.21 27.03 -1.56 1.06
Car 0.0 0 1.98 383.09 191.26 474.82 233.15 1.44 1.74 4.18 -7.49 2.29 29.78 1.73 0.86
Car 0.0 0 3.04 290.49 187.21 394.05 229.05 1.63 1.64 3.84 -11.99 2.37 32.31 2.69 0.30
Car 0.0 0 2.08 346.17 190.38 438.70 231.81 1.49 1.65 3.91 -9.28 2.34 30.62 1.78 0.25
Car 0.0 0 -3.14 540.01 187.08 615.98 220.47 1.66 1.69 4.22 -1.57 2.40 37.03 3.10 0.17
Car 0.0 0 1.99 389.62 193.26 472.56 233.12 1.44 1.69 4.09 -7.45 2.36 30.27 1.74 0.38
