Car 0.0 0 -1.84 62.65 181.61 200.05 259.63 1.8173 1.8335 4.4501 -12.5260 2.0286 18.5627 -2.3904 11.5881
Car 0.0 0 -2.53 839.17 170.21 982.48 222.98 1.55 1.72 4.49 9.59 1.50 23.24 -2.14 3.80
Car 0.0 0 2.66 680.22 186.54 765.96 219.07 1.5994 1.6513 3.8489 4.9839 2.1036 32.6741 2.3887 3.3362
Car 0.0 0 1.19 781.65 170.30 903.70 228.59 1.4956 1.7247 4.5659 6.1824 1.4006 19.7371 1.5185 13.1142
Car 0.0 0 -1.51 593.10 181.98 664.25 234.31 1.3552 1.5823 3.9939 0.4415 1.6085 19.7842 1.7606 13.2035
Car 0.0 0 2.04 377.71 187.86 462.77 228.35 1.48 1.67 3.83 -8.01 2.19 30.49 1.79 0.39
Car 0.0 0 1.09 940.18 166.63 1053.82 214.94 1.69 1.72 4.45 14.88 1.51 27.91 1.58 0.39
Car 0.0 0 2.02 461.69 187.76 550.86 230.87 1.4031 1.6133 4.1152 -3.1966 1.7292 22.3884 2.0015 13.3341
Car 0.0 0 1.99 408.04 186.99 504.06 230.17 1.4103 1.6632 4.2221 -5.1757 1.7850 24.8198 1.8129 8.1014
Car 0.0 0 -3.06 906.87 170.06 1024.34 215.78 1.51 1.67 4.37 13.20 1.49 26.90 -2.60 0.32
Car 0.0 0 2.04 373.52 187.40 461.81 227.06 1.4086 1.6147 3.9689 -7.0913 1.8376 26.7332 2.0046 6.3853
Car 0.0 0 -0.55 970.40 167.93 1075.87 211.74 1.57 1.66 4.20 16.47 1.44 28.89 -0.03 0.17
