Car 0.0 0 -1.76 658.10 174.79 722.36 222.84 1.58 1.60 3.67 2.62 1.64 24.79 -1.65 5.22
Car 0.0 0 2.17 92.29 198.74 201.80 240.62 1.48 1.63 4.12 -17.98 2.52 28.18 1.60 4.01
Car 0.0 0 2.03 192.85 193.04 273.10 227.64 1.48 1.62 3.89 -17.73 2.46 34.01 1.55 2.88
Car 0.0 0 -1.72 640.21 174.23 697.25 216.43 1.67 1.67 3.97 2.32 1.72 30.08 -1.64 2.27
Car 0.0 0 -1.85 701.50 171.08 830.80 259.92 1.62 1.65 3.88 3.02 1.59 14.96 -1.64 12.11
Car 0.0 0 -2.11 819.98 175.78 1234.77 372.21 1.54 1.60 3.71 2.98 1.56 6.17 -1.58 13.95
Car 0.0 0 1.97 263.63 191.38 324.03 217.74 1.41 1.59 3.59 -17.61 2.45 40.30 1.56 2.13
Car 0.0 0 2.18 -11.36 205.94 74.57 262.26 1.44 1.58 3.45 -17.26 2.44 20.77 1.50 1.48
Car 0.0 0 1.82 360.54 176.47 410.49 208.93 1.79 1.69 3.94 -13.10 2.04 42.39 1.52 0.42
Car 0.0 0 1.46 623.29 176.52 656.18 203.30 1.51 1.60 3.82 1.61 1.69 40.81 1.50 0.24
