Car 0.0 0 -0.44 646.40 183.28 763.41 233.30 1.48 1.59 3.50 2.97 1.85 23.36 -0.31 4.17
Car 0.0 0 1.97 112.22 203.69 342.93 336.16 1.38 1.50 3.68 -5.07 1.87 10.06 1.48 12.76
Car 0.0 0 -0.94 712.00 184.24 867.95 250.40 1.48 1.62 3.71 4.44 1.80 18.11 -0.70 4.12
Car 0.0 0 -0.41 610.81 182.01 731.36 227.59 1.51 1.70 4.03 2.03 1.85 25.44 -0.33 2.80
Car 0.0 0 -0.12 547.82 179.49 629.79 211.10 1.56 1.72 4.19 -1.20 1.96 38.52 -0.15 0.54
Car 0.0 0 -0.34 595.61 180.42 696.37 220.49 1.58 1.68 4.04 1.41 1.92 30.02 -0.29 0.81
Car 0.0 0 -0.35 604.66 179.58 712.99 223.25 1.63 1.70 4.08 1.85 1.91 28.57 -0.28 0.85
Car 0.0 0 -0.20 556.58 181.16 639.67 212.97 1.48 1.64 3.92 -0.64 1.92 35.65 -0.21 0.51
Car 0.0 0 -0.56 791.63 183.33 1189.04 314.22 1.54 1.70 4.43 4.88 1.73 9.82 -0.07 4.51
Car 0.0 0 -0.48 761.94 188.03 1011.73 274.44 1.43 1.59 4.22 5.29 1.77 13.93 -0.11 1.21
Car 0.0 0 -1.01 718.19 186.54 910.66 262.68 1.46 1.65 4.10 4.58 1.81 16.03 -0.74 1.20
