Car 0.0 0 -0.12 680.74 181.90 845.21 241.48 1.64 1.73 4.09 4.13 1.88 20.26 0.09 4.54
Car 0.0 0 1.88 339.01 195.56 446.00 261.33 1.4472 1.6736 4.4755 -5.6048 2.0855 18.8600 1.5624 14.9552
Car 0.0 0 1.74 433.87 191.64 488.64 230.25 1.4636 1.6223 4.1386 -6.0402 2.2450 29.1772 1.5292 13.4650
Car 0.0 0 -0.35 741.87 186.64 936.88 259.64 1.55 1.61 3.75 4.93 1.86 16.28 -0.05 2.48
Car 0.0 0 2.15 -31.91 203.18 304.93 376.58 1.46 1.64 4.10 -5.19 1.85 8.30 1.57 13.59
Car 0.0 0 -0.50 804.58 185.30 1143.31 295.60 1.53 1.60 3.76 5.18 1.75 10.99 -0.04 2.23
Car 0.0 0 2.48 857.16 182.33 1231.61 346.81 1.60 1.68 4.02 5.34 1.72 8.02 3.02 2.87
Car 0.0 0 -0.42 765.14 180.28 1050.17 282.10 1.5444 1.6742 4.1503 4.9685 1.7759 12.6941 -0.0268 13.1359
Car 0.0 0 1.76 464.27 190.28 510.33 223.00 1.5037 1.6300 3.8940 -5.9668 2.3582 35.0452 1.5582 6.2854
Car 0.0 0 -0.22 673.40 178.17 795.81 228.90 1.69 1.70 4.05 4.24 1.90 25.48 -0.05 0.30
Car 0.0 0 -0.17 656.52 181.65 754.03 216.44 1.5563 1.7071 4.1193 4.5374 2.1115 36.2742 0.0103 6.7429
Car 0.0 0 -0.22 669.79 177.60 801.86 232.49 1.71 1.66 4.02 4.13 1.93 24.46 -0.05 0.25
