Car 0.0 0 -0.21 671.72 170.88 811.59 223.11 1.58 1.66 4.13 4.06 1.55 23.28 -0.03 2.36
Car 0.0 0 1.83 298.41 177.28 469.31 306.56 1.55 1.58 3.76 -3.24 1.66 10.94 1.53 17.50
Car 0.0 0 1.74 452.91 170.53 528.11 235.76 1.66 1.54 3.66 -3.32 1.62 20.39 1.58 7.27
Car 0.0 0 -0.19 649.61 171.20 778.57 215.72 1.56 1.65 4.36 3.79 1.53 27.26 -0.05 1.17
Car 0.0 0 1.69 498.61 174.95 552.37 217.25 1.53 1.52 3.66 -3.24 1.62 27.88 1.58 2.90
Car 0.0 0 -1.55 532.64 174.75 572.08 206.57 1.49 1.59 3.65 -2.93 1.62 36.39 -1.63 1.94
Car 0.0 0 -0.06 623.65 170.46 702.97 201.64 1.58 1.70 4.19 2.78 1.48 38.08 0.02 0.44
Car 0.0 0 -0.40 737.32 167.31 958.15 276.87 1.61 1.60 3.55 4.10 1.58 12.60 -0.08 1.61
Car 0.0 0 -0.20 651.44 172.33 766.70 213.18 1.56 1.64 4.24 3.91 1.55 29.15 -0.06 0.24
Car 0.0 0 2.65 749.12 148.83 1096.57 307.14 1.79 1.69 4.12 3.85 1.50 9.18 3.06 1.06
