Car 0.0 0 -1.90 757.51 183.24 1005.48 349.90 1.55 1.59 3.71 2.92 1.71 8.72 -1.54 15.95
Car 0.0 0 -2.65 -25.11 185.45 423.31 350.80 1.52 1.69 4.31 -4.40 1.67 7.78 3.12 12.46
Car 0.0 0 -2.75 289.70 166.68 511.85 262.07 1.8565 1.7156 4.0785 -4.4847 1.7612 15.4383 -3.0121 11.7383
Car 0.0 0 -1.88 718.22 183.51 841.05 273.46 1.5158 1.5971 3.4576 3.1524 1.7376 14.0187 -1.6356 15.1103
Car 0.0 0 -1.77 678.08 181.65 763.04 246.85 1.4960 1.5828 3.6177 2.7632 1.7762 18.8971 -1.5582 14.1607
Car 0.0 0 -1.74 668.28 174.16 723.90 224.07 1.61 1.51 3.42 2.98 1.71 26.17 -1.62 1.61
Car 0.0 0 -2.76 156.06 185.88 458.35 280.26 1.47 1.56 3.90 -4.93 1.72 12.24 3.12 3.15
Car 0.0 0 -3.08 485.91 172.73 564.14 212.03 1.6739 1.6540 3.9930 -4.6374 1.6484 41.8345 3.1352 9.6396
Car 0.0 0 -1.66 648.13 175.77 684.70 206.92 1.5302 1.6237 4.0002 3.0773 1.7844 38.4548 -1.6911 7.7665
Car 0.0 0 -3.11 520.51 173.15 562.50 202.17 1.62 1.63 3.61 -4.00 1.65 41.67 3.08 0.26
Car 0.0 0 -1.67 649.31 177.72 685.83 207.83 1.5302 1.6237 4.0002 3.0773 1.7844 38.4548 -1.6911 7.7665
