Car 0.0 0 -1.90 776.92 178.91 926.62 276.09 1.53 1.56 3.38 4.25 1.66 13.38 -1.58 13.18
Car 0.0 0 -1.29 360.03 160.23 506.69 273.29 1.78 1.68 3.82 -3.04 1.57 12.92 -1.52 7.42
Car 0.0 0 -1.82 735.75 177.81 844.78 247.60 1.55 1.66 4.30 4.38 1.69 18.29 -1.57 7.17
Car 0.0 0 -1.47 494.89 173.50 561.28 218.53 1.54 1.60 3.72 -2.97 1.58 26.56 -1.59 1.63
Car 0.0 0 -1.12 -1.94 173.60 443.74 376.81 1.53 1.62 3.72 -2.73 1.58 5.99 -1.61 10.25
Car 0.0 0 1.42 663.84 169.21 698.61 197.54 1.58 1.61 3.73 4.29 1.41 44.44 1.52 1.16
Car 0.0 0 -1.74 689.17 176.48 751.85 215.45 1.46 1.64 4.09 4.39 1.63 29.70 -1.59 1.73
Car 0.0 0 -1.37 447.25 156.33 547.39 235.25 1.86 1.74 4.24 -2.99 1.51 19.74 -1.52 2.54
Car 0.0 0 -1.74 708.79 176.02 785.45 228.28 1.55 1.63 4.05 4.31 1.65 23.62 -1.55 2.05
Car 0.0 0 -1.50 524.80 172.54 571.35 208.57 1.49 1.60 3.81 -2.89 1.53 34.00 -1.59 0.25
