Car 0.0 0 -1.71 647.83 183.60 714.53 235.26 1.54 1.58 3.47 2.14 1.89 23.17 -1.61 4.81
Car 0.0 0 -1.75 672.62 186.22 769.84 254.79 1.49 1.62 3.74 2.53 1.82 17.52 -1.60 7.31
Car 0.0 0 -3.02 345.26 179.71 462.85 224.82 1.57 1.65 3.95 -7.44 1.81 26.01 2.98 1.53
Car 0.0 0 -2.78 187.33 187.65 395.04 263.79 1.49 1.56 3.78 -6.88 1.85 15.72 3.09 5.52
Car 0.0 0 -1.66 632.57 180.39 681.93 222.53 1.62 1.62 3.57 1.85 1.96 29.90 -1.60 2.18
Car 0.0 0 0.59 -8.63 194.78 334.53 315.90 1.47 1.64 3.98 -6.32 1.83 10.21 0.03 6.71
Car 0.0 0 -3.03 378.25 178.85 479.82 217.49 1.61 1.60 3.98 -7.78 1.87 31.05 3.01 0.37
Car 0.0 0 0.42 271.59 185.49 438.93 245.90 1.49 1.53 3.82 -6.45 1.81 18.30 0.09 1.40
Car 0.0 0 0.58 5.11 196.32 339.66 317.19 1.45 1.61 3.86 -6.33 1.82 10.19 0.04 3.28
Car 0.0 0 -2.06 792.17 198.04 1248.24 380.42 1.48 1.61 3.85 2.71 1.71 5.82 -1.54 1.67
Car 0.0 0 1.70 515.98 182.07 548.93 207.49 1.38 1.55 3.58 -4.48 1.94 41.85 1.60 0.39
