Car 0.0 0 -0.31 715.44 167.01 892.42 230.28 1.64 1.70 3.99 5.06 1.51 19.66 -0.04 4.28
Car 0.0 0 1.87 309.68 172.45 436.22 252.28 1.4892 1.6212 4.0523 -5.1094 1.5062 15.8403 1.5490 16.1161
Car 0.0 0 -0.19 675.42 166.35 791.34 210.97 1.4969 1.6364 4.3378 4.5670 1.3700 27.7361 0.0491 9.8724
Car 0.0 0 1.76 434.37 171.21 495.57 216.47 1.5726 1.6722 4.2705 -5.3450 1.4394 26.3651 1.5649 9.4048
Car 0.0 0 -0.37 744.50 167.47 974.59 248.76 1.62 1.72 4.22 5.10 1.54 15.48 -0.03 5.03
Car 0.0 0 -0.53 839.46 177.07 1201.03 296.07 1.46 1.67 4.11 5.56 1.59 10.37 -0.01 9.75
Car 0.0 0 1.74 478.70 170.47 520.60 200.93 1.4636 1.5756 3.8156 -5.6726 1.3706 36.6171 1.5500 11.1605
Car 0.0 0 -0.44 802.52 172.50 1067.43 265.32 1.55 1.64 3.94 5.50 1.55 12.89 -0.02 4.33
Car 0.0 0 -0.13 653.43 165.03 733.31 194.50 1.61 1.75 4.19 4.38 1.17 38.29 -0.01 0.27
Car 0.0 0 -0.24 711.98 170.80 834.52 219.79 1.5027 1.6359 3.8781 5.1122 1.4206 22.9193 -0.0203 7.2239
Car 0.0 0 -0.24 667.31 162.89 769.95 203.08 1.4701 1.6573 4.2795 4.7332 1.0028 30.0356 0.0138 5.2034
