Car 0.0 0 -1.62 341.69 180.56 405.35 233.59 1.7620 1.8654 4.4796 -8.7236 2.1072 26.5022 -1.8811 10.9107
Car 0.0 0 -1.31 134.27 193.51 310.04 292.74 1.46 1.68 4.23 -6.88 1.86 13.21 -1.80 13.27
Car 0.0 0 1.99 11.65 199.68 106.73 244.52 1.5823 1.6954 4.2815 -22.0253 2.7189 28.7892 1.2048 5.5868
Car 0.0 0 -1.54 1004.82 172.19 1156.99 268.72 1.68 1.68 3.84 9.13 1.68 14.01 -0.96 6.86
Car 0.0 0 2.13 1127.68 179.61 1242.25 232.26 1.39 1.52 4.10 17.68 1.64 21.48 2.80 3.41
Car 0.0 0 1.99 714.97 181.32 839.36 238.96 1.49 1.70 4.10 4.98 1.79 21.33 2.22 2.75
Car 0.0 0 2.73 632.82 177.37 734.34 227.97 1.5125 1.7107 4.2646 2.4782 1.5582 23.2933 2.4682 5.9167
Car 0.0 0 2.00 769.51 178.65 932.10 248.59 1.4410 1.6153 4.0139 5.3147 1.4415 15.4158 2.4068 11.5751
Car 0.0 0 2.05 673.49 180.63 790.02 237.44 1.3876 1.5749 3.8931 3.5067 1.5970 20.7439 2.4199 8.1919
Car 0.0 0 2.50 929.79 184.21 1047.03 223.47 1.40 1.58 4.30 14.54 1.86 28.12 2.98 1.37
