Car 0.0 0 -1.31 306.82 178.78 501.56 309.68 1.48 1.65 3.79 -2.82 1.61 10.51 -1.59 15.27
Car 0.0 0 -1.80 740.32 179.19 842.69 247.50 1.55 1.63 3.76 4.42 1.73 18.31 -1.56 9.09
Car 0.0 0 2.04 195.35 184.92 285.98 222.98 1.39 1.57 4.02 -14.68 1.88 28.76 1.57 4.11
Car 0.0 0 -1.37 427.32 166.94 533.99 248.81 1.72 1.68 3.82 -3.00 1.62 17.10 -1.54 5.97
Car 0.0 0 1.98 268.49 179.49 344.22 213.20 1.44 1.61 4.06 -14.05 1.78 33.52 1.59 1.99
Car 0.0 0 -1.69 697.96 178.32 755.54 220.79 1.49 1.60 3.95 4.35 1.71 27.73 -1.53 0.97
Car 0.0 0 -1.76 716.91 178.44 804.99 232.22 1.53 1.65 3.99 4.62 1.74 23.05 -1.55 2.31
Car 0.0 0 -1.64 663.54 171.61 693.22 197.25 1.61 1.58 3.63 4.57 1.58 49.03 -1.54 0.46
Car 0.0 0 -1.69 683.77 178.70 724.19 210.19 1.43 1.58 3.60 4.55 1.75 35.83 -1.56 0.42
Car 0.0 0 -1.48 523.53 175.45 573.30 209.24 1.47 1.55 3.43 -2.87 1.62 33.72 -1.57 0.11
Car 0.0 0 -1.40 488.37 169.15 561.84 225.77 1.73 1.66 3.84 -2.90 1.68 24.90 -1.51 0.22
