Car 0.0 0 2.07 146.72 202.60 281.34 263.57 1.62 1.70 4.22 -11.75 2.53 21.72 1.57 4.95
Car 0.0 0 -1.60 573.52 181.24 615.55 219.37 1.66 1.67 3.90 -0.77 2.06 33.26 -1.62 4.24
Car 0.0 0 1.92 293.33 203.94 345.82 232.42 1.45 1.55 3.45 -15.33 3.09 38.29 1.54 2.24
Car 0.0 0 -1.38 461.17 193.62 558.43 256.03 1.43 1.62 3.82 -2.57 2.00 18.93 -1.52 11.04
Car 0.0 0 2.14 920.18 177.58 1098.43 252.53 1.51 1.55 4.12 9.29 1.65 16.62 2.65 4.15
Car 0.0 0 2.10 1005.91 175.81 1219.03 275.24 1.48 1.62 4.05 8.89 1.56 12.46 2.71 3.57
Car 0.0 0 2.69 871.61 178.71 1015.00 241.17 1.49 1.60 3.90 8.92 1.68 19.26 3.12 1.57
Car 0.0 0 2.26 -2.00 214.86 120.79 299.22 1.44 1.53 3.46 -11.66 2.36 14.65 1.60 1.04
Car 0.0 0 2.21 30.13 207.41 151.99 265.60 1.45 1.50 3.34 -14.86 2.49 20.75 1.59 0.49
Car 0.0 0 2.25 -21.55 215.28 121.46 299.70 1.45 1.50 3.46 -11.75 2.37 14.59 1.59 0.79
Car 0.0 0 1.98 221.56 202.16 302.23 243.03 1.49 1.53 3.94 -14.68 2.79 30.52 1.54 0.58
Car 0.0 0 2.82 809.60 173.26 970.85 233.45 1.67 1.72 4.24 8.32 1.71 21.64 -3.09 0.47
