Car 0.0 0 1.98 256.34 170.92 330.81 204.34 1.40 1.51 3.73 -14.23 1.34 32.58 1.57 2.53
Car 0.0 0 -1.96 807.42 175.96 1004.69 299.05 1.52 1.57 3.60 4.22 1.60 11.05 -1.57 14.70
Car 0.0 0 -1.84 752.14 174.07 878.28 254.67 1.53 1.64 4.12 4.29 1.57 15.88 -1.57 9.96
Car 0.0 0 -1.78 720.39 172.02 809.17 228.41 1.52 1.67 4.17 4.38 1.50 21.32 -1.57 5.44
Car 0.0 0 1.45 663.97 165.64 702.39 194.44 1.60 1.64 3.87 4.28 1.21 42.85 1.55 1.61
Car 0.0 0 -1.29 303.63 151.05 482.76 292.14 1.77 1.69 3.93 -3.21 1.51 11.19 -1.58 7.91
Car 0.0 0 -1.75 694.74 171.93 765.38 215.93 1.48 1.64 4.10 4.31 1.47 26.91 -1.59 2.94
Car 0.0 0 2.04 184.23 171.24 278.49 212.36 1.43 1.64 3.78 -15.63 1.45 30.00 1.55 0.42
Car 0.0 0 -1.49 515.99 168.00 566.08 208.02 1.55 1.61 3.76 -2.98 1.40 31.63 -1.58 0.38
Car 0.0 0 -1.37 425.25 154.00 539.68 238.47 1.84 1.77 4.30 -3.10 1.45 18.17 -1.54 1.44
Car 0.0 0 -1.49 501.70 168.35 566.01 208.99 1.54 1.62 3.80 -3.14 1.40 29.88 -1.59 0.14
Car 0.0 0 -1.43 483.09 169.32 553.61 220.58 1.55 1.63 3.88 -3.11 1.50 25.06 -1.56 0.40
