Car 0.0 0 -2.84 345.97 179.37 520.90 244.41 1.47 1.63 4.08 -4.19 1.63 17.21 -3.08 4.75
Car 0.0 0 0.44 204.34 164.35 480.89 270.96 1.76 1.71 4.08 -4.59 1.62 12.74 0.09 7.37
Car 0.0 0 -1.76 679.02 180.26 767.68 247.32 1.55 1.57 3.85 2.79 1.76 18.85 -1.60 8.84
Car 0.0 0 -1.86 722.82 177.86 850.68 279.19 1.59 1.54 3.44 3.08 1.72 13.42 -1.62 11.39
Car 0.0 0 -1.74 659.11 181.60 713.47 222.63 1.50 1.50 3.46 2.84 1.83 28.10 -1.63 2.20
Car 0.0 0 -2.97 401.26 176.14 538.44 230.01 1.55 1.65 3.91 -4.32 1.69 22.52 3.12 2.05
Car 0.0 0 -3.03 501.28 174.37 569.95 203.54 1.66 1.62 3.64 -4.12 1.70 39.69 -3.14 0.63
Car 0.0 0 -2.08 772.29 182.34 1197.35 373.18 1.52 1.63 4.02 2.90 1.64 6.60 -1.60 10.20
Car 0.0 0 -1.67 643.61 175.69 680.12 205.57 1.58 1.59 3.79 2.83 1.77 40.61 -1.60 0.20
Car 0.0 0 -1.69 651.45 176.53 693.14 212.39 1.64 1.58 3.69 2.78 1.79 33.59 -1.61 0.13
Car 0.0 0 -2.97 392.91 179.00 535.41 232.27 1.49 1.62 3.97 -4.40 1.72 21.82 3.11 0.33
