Car 0.0 0 -1.40 438.86 167.65 539.05 246.02 1.71 1.65 3.92 -2.88 1.60 17.68 -1.57 7.08
Car 0.0 0 -1.33 335.54 182.48 495.62 293.59 1.48 1.67 3.80 -2.97 1.66 11.65 -1.59 14.57
Car 0.0 0 1.18 790.93 189.97 969.24 293.14 1.49 1.68 4.15 4.48 1.82 12.73 1.54 11.32
Car 0.0 0 -1.47 496.43 176.15 558.11 223.05 1.48 1.64 3.85 -2.78 1.60 24.66 -1.59 2.94
Car 0.0 0 -1.49 519.75 170.35 564.73 209.81 1.65 1.56 3.58 -3.05 1.57 32.44 -1.58 0.62
Car 0.0 0 -2.17 895.46 195.37 1267.57 376.64 1.48 1.62 3.61 4.17 1.73 6.74 -1.59 7.61
Car 0.0 0 1.26 764.32 185.63 845.91 238.51 1.43 1.56 3.19 5.96 1.86 22.43 1.52 0.56
Car 0.0 0 -0.47 836.21 180.14 945.56 224.44 1.51 1.62 4.22 11.63 1.94 30.25 -0.10 0.33
Car 0.0 0 -2.11 905.69 179.64 1056.56 246.45 1.58 1.54 3.84 10.86 1.90 21.22 -1.63 0.22
Car 0.0 0 1.29 687.62 172.96 753.17 218.63 1.74 1.64 4.06 4.37 1.75 29.59 1.44 0.73
