Car 0.0 0 1.17 787.83 188.49 937.87 281.85 1.48 1.60 3.68 4.54 1.80 13.55 1.50 10.86
Car 0.0 0 -1.41 446.67 166.57 540.11 240.10 1.74 1.68 4.05 -2.95 1.59 18.76 -1.57 6.51
Car 0.0 0 -1.48 500.16 175.13 559.70 219.35 1.50 1.65 3.99 -2.83 1.58 25.86 -1.59 3.03
Car 0.0 0 -2.10 854.82 190.25 1179.64 370.49 1.53 1.59 3.51 4.08 1.75 7.99 -1.58 13.83
Car 0.0 0 -1.37 365.39 178.75 503.47 280.17 1.52 1.66 3.91 -2.98 1.64 12.95 -1.60 11.68
Car 0.0 0 -0.57 905.74 178.34 1006.69 226.74 1.64 1.56 3.86 13.78 1.95 28.83 -0.13 0.45
Car 0.0 0 -0.50 830.92 179.24 929.38 218.89 1.53 1.60 3.88 11.69 1.89 31.62 -0.14 0.43
Car 0.0 0 -1.08 21.21 194.30 412.93 368.17 1.47 1.62 4.05 -3.58 1.77 7.41 -1.57 2.81
Car 0.0 0 1.24 758.99 185.32 860.13 252.41 1.47 1.60 3.25 5.20 1.86 19.39 1.51 0.33
Car 0.0 0 -1.50 522.50 171.51 563.96 208.84 1.55 1.60 3.67 -3.02 1.53 32.50 -1.60 0.24
Car 0.0 0 -0.52 834.28 181.19 933.98 220.35 1.49 1.58 3.86 11.59 1.88 30.82 -0.15 0.16
