Car 0.0 0 -1.88 758.48 187.77 951.28 316.33 1.46 1.53 3.63 3.18 1.70 10.23 -1.55 16.05
Car 0.0 0 -1.75 679.81 180.65 750.91 234.60 1.55 1.59 3.80 3.16 1.80 22.62 -1.60 5.74
Car 0.0 0 -1.79 721.58 183.39 825.54 263.79 1.53 1.57 3.63 3.39 1.78 15.85 -1.57 10.42
Car 0.0 0 -3.08 502.39 176.02 579.83 206.25 1.52 1.67 3.86 -3.71 1.71 38.24 3.11 0.69
Car 0.0 0 0.26 391.70 174.30 538.03 226.33 1.60 1.66 4.25 -4.56 1.65 22.94 0.06 0.93
Car 0.0 0 -1.68 670.48 180.05 717.00 218.85 1.52 1.49 3.26 3.42 1.83 30.34 -1.57 0.53
Car 0.0 0 -3.05 489.10 177.93 573.68 209.11 1.47 1.64 3.98 -3.79 1.71 34.75 3.12 0.38
Car 0.0 0 -2.91 428.66 175.04 552.48 220.95 1.58 1.62 4.08 -4.29 1.68 26.14 -3.07 0.40
Car 0.0 0 0.59 48.79 173.36 469.64 325.86 1.51 1.62 4.36 -4.15 1.56 8.46 0.14 2.80
Car 0.0 0 -1.67 650.01 179.18 681.81 204.74 1.56 1.59 3.79 3.25 1.90 42.95 -1.59 0.24
Car 0.0 0 0.25 391.55 174.98 535.42 228.05 1.58 1.65 4.10 -4.60 1.67 22.87 0.05 0.20
