Car 0.0 0 -1.89 735.65 179.66 902.55 282.79 1.45 1.57 3.65 3.34 1.61 12.47 -1.61 14.26
Car 0.0 0 -1.81 638.71 172.17 717.71 226.20 1.50 1.60 3.68 1.93 1.50 22.05 -1.71 7.05
Car 0.0 0 -2.83 284.42 163.68 458.54 231.85 1.71 1.74 3.97 -6.21 1.49 18.89 3.14 3.41
Car 0.0 0 -2.74 318.24 165.31 477.67 226.55 1.73 1.75 4.30 -6.14 1.50 20.89 -3.02 3.31
Car 0.0 0 0.54 145.07 172.10 415.92 270.99 1.46 1.64 3.83 -5.37 1.49 12.10 0.11 9.74
Car 0.0 0 -1.74 618.65 171.77 681.61 213.81 1.43 1.65 3.86 1.34 1.42 27.01 -1.69 3.31
Car 0.0 0 -1.48 550.01 165.14 587.61 191.41 1.60 1.73 4.08 -2.66 1.14 45.63 -1.53 0.74
Car 0.0 0 -2.68 12.89 176.70 315.58 360.78 1.47 1.65 3.98 -5.06 1.56 6.79 3.05 5.29
Car 0.0 0 -2.28 385.28 173.79 495.90 210.67 1.37 1.65 4.03 -6.32 1.37 26.84 -2.51 0.33
Car 0.0 0 -2.29 412.01 173.82 493.00 207.62 1.36 1.64 3.81 -6.13 1.35 27.86 -2.51 0.15
