Car 0.0 0 2.03 239.16 178.78 365.47 242.12 1.5726 1.6205 3.9894 -8.4975 1.7677 20.2301 1.6034 15.0236
Car 0.0 0 -1.96 747.46 187.41 1006.31 335.54 1.48 1.65 3.96 3.05 1.69 9.37 -1.60 16.54
Car 0.0 0 1.84 393.69 182.30 456.71 218.34 1.4014 1.5556 3.8510 -7.9719 1.8351 31.0115 1.6283 12.7923
Car 0.0 0 1.91 347.94 182.39 427.63 227.33 1.4645 1.6358 4.1432 -7.9443 1.7662 25.7048 1.6042 11.9169
Car 0.0 0 -1.70 664.04 178.30 721.94 224.34 1.5035 1.6623 4.1502 2.7683 1.7601 24.8714 -1.5200 9.2659
Car 0.0 0 -1.77 678.46 179.92 761.45 240.65 1.4554 1.5094 3.4869 2.7912 1.6842 19.5881 -1.6262 11.3919
Car 0.0 0 -1.81 712.72 178.38 829.52 264.52 1.5828 1.5946 3.5649 3.1155 1.7109 14.9118 -1.5439 15.0760
Car 0.0 0 1.88 435.20 181.94 486.10 210.50 1.47 1.54 3.35 -7.82 1.94 38.12 1.67 1.18
Car 0.0 0 -1.67 657.57 174.72 701.76 212.37 1.7528 1.6767 4.0386 3.2184 1.7856 35.6648 -1.5603 9.2696
Car 0.0 0 1.79 458.64 179.18 503.21 204.21 1.52 1.62 3.63 -7.86 1.89 44.28 1.62 0.20
Car 0.0 0 1.88 433.33 180.86 485.57 211.55 1.48 1.55 3.35 -7.88 1.94 38.14 1.68 0.35
