Car 0.0 0 1.88 361.50 182.34 437.34 224.38 1.51 1.66 3.96 -8.27 1.91 28.54 1.60 4.42
Car 0.0 0 2.04 263.90 179.47 377.36 237.10 1.4966 1.6031 3.9203 -8.5323 1.7204 21.4979 1.5869 16.2221
Car 0.0 0 -1.90 732.46 187.33 944.25 311.50 1.46 1.65 4.02 3.05 1.70 10.71 -1.60 16.53
Car 0.0 0 -1.75 673.23 181.30 747.93 237.30 1.5059 1.5779 3.4266 2.7906 1.7418 20.8801 -1.6366 10.1124
Car 0.0 0 1.84 404.81 182.98 463.52 215.80 1.4601 1.5798 3.7923 -8.0178 1.8536 32.3257 1.6229 12.1767
Car 0.0 0 -1.69 659.25 179.47 715.33 224.13 1.4659 1.5966 3.7151 2.5824 1.7481 25.9943 -1.5802 7.9679
Car 0.0 0 -1.78 704.16 179.91 808.80 257.07 1.5425 1.5803 3.3638 3.0949 1.7103 16.2344 -1.5696 13.8032
Car 0.0 0 1.88 437.44 181.97 487.02 209.63 1.50 1.56 3.43 -8.14 2.00 40.07 1.68 0.48
Car 0.0 0 -1.66 655.45 176.40 696.16 212.15 1.7132 1.6758 4.0383 3.1609 1.8142 36.9383 -1.5921 8.9617
Car 0.0 0 -1.63 650.13 176.03 683.85 206.20 1.56 1.60 3.53 3.10 1.77 40.32 -1.55 0.08
