Car 0.0 0 -1.76 675.54 181.83 761.02 243.39 1.59 1.62 3.82 2.91 1.85 20.45 -1.61 7.44
Car 0.0 0 -1.85 730.88 184.61 858.64 284.83 1.52 1.53 3.47 3.14 1.77 13.10 -1.60 13.23
Car 0.0 0 -1.98 787.15 195.20 1094.78 375.76 1.46 1.57 3.75 3.11 1.71 7.74 -1.55 16.25
Car 0.0 0 -1.71 664.85 182.55 715.32 221.72 1.50 1.48 3.31 3.12 1.88 29.14 -1.60 1.76
Car 0.0 0 0.30 364.95 175.78 523.05 233.00 1.58 1.65 4.08 -4.76 1.68 20.96 0.08 1.24
Car 0.0 0 -2.98 418.16 177.13 546.12 224.66 1.57 1.65 4.00 -4.43 1.73 25.28 3.13 1.10
Car 0.0 0 -3.09 501.49 179.36 566.42 208.71 1.52 1.64 3.65 -4.09 1.86 38.08 3.09 0.41
Car 0.0 0 -1.67 640.94 180.03 675.29 207.19 1.54 1.64 3.99 2.73 1.97 41.96 -1.60 0.27
Car 0.0 0 -3.06 466.75 180.32 559.13 213.47 1.50 1.69 4.02 -4.36 1.79 32.04 3.09 0.27
Car 0.0 0 -1.68 654.92 182.38 701.95 218.38 1.52 1.61 3.82 2.93 1.94 32.13 -1.58 0.26
Car 0.0 0 0.42 359.55 175.70 527.79 235.36 1.55 1.64 4.00 -4.72 1.68 20.55 0.19 0.26
