Car 0.0 0 1.84 376.74 181.43 456.52 231.68 1.46 1.61 3.71 -6.04 1.73 22.83 1.58 5.78
Car 0.0 0 1.99 182.31 187.12 370.39 291.92 1.48 1.61 3.86 -5.62 1.77 12.64 1.56 12.33
Car 0.0 0 -0.35 703.86 159.65 945.30 251.15 1.70 1.77 4.20 4.10 1.47 14.49 -0.06 7.09
Car 0.0 0 -0.17 658.02 167.56 757.48 206.46 1.50 1.65 3.98 3.69 1.28 27.77 -0.03 1.60
Car 0.0 0 1.77 424.71 179.05 482.29 217.60 1.45 1.59 3.91 -6.28 1.72 29.30 1.56 2.20
Car 0.0 0 -0.21 692.04 156.94 857.04 235.49 1.76 1.78 4.26 4.00 1.44 18.04 0.02 2.04
Car 0.0 0 -0.51 812.48 169.87 1135.87 287.17 1.57 1.61 3.40 4.83 1.51 10.13 -0.04 2.71
Car 0.0 0 -0.08 627.14 165.42 716.44 196.45 1.53 1.68 4.43 3.11 1.16 36.07 0.00 0.28
Car 0.0 0 1.73 469.62 176.26 508.37 203.21 1.43 1.63 3.98 -6.72 1.63 40.33 1.56 0.38
Car 0.0 0 -0.06 627.77 164.85 709.95 194.12 1.52 1.70 4.39 2.99 1.11 37.29 0.02 0.27
