Car 0.0 0 -1.73 841.56 190.88 927.85 253.30 1.46 1.57 3.73 7.29 1.98 19.56 -1.37 6.82
Car 0.0 0 -1.82 870.43 189.18 1002.63 286.41 1.52 1.55 3.55 5.88 1.87 13.47 -1.39 10.43
Car 0.0 0 0.40 385.71 169.98 636.59 268.31 1.64 1.69 4.01 -1.74 1.61 13.32 0.26 6.95
Car 0.0 0 -1.67 818.05 186.64 865.20 224.76 1.48 1.58 3.81 9.98 2.14 31.43 -1.36 1.68
Car 0.0 0 -3.00 517.93 182.02 682.55 243.31 1.49 1.58 4.19 -0.17 1.60 16.03 -3.02 1.20
Car 0.0 0 -1.71 911.07 181.31 1123.48 376.38 1.70 1.61 3.52 4.28 1.80 8.03 -1.20 8.69
Car 0.0 0 -3.05 659.47 182.57 733.43 210.43 1.48 1.62 3.91 4.63 1.99 38.73 -2.93 0.37
Car 0.0 0 0.34 439.53 174.16 655.84 257.72 1.63 1.59 4.14 -1.35 1.68 15.42 0.26 1.78
Car 0.0 0 -2.99 628.52 181.75 722.63 214.78 1.51 1.63 4.15 3.00 1.89 32.80 -2.90 0.13
Car 0.0 0 -2.99 551.86 181.39 685.34 234.05 1.52 1.55 3.93 0.25 1.61 18.33 -2.98 0.16
