Car 0.0 0 -1.60 778.27 144.36 849.35 212.67 1.59 1.66 3.68 5.22 0.87 18.58 -1.32 8.86
Car 0.0 0 -1.75 883.76 153.52 999.46 239.88 1.46 1.57 3.77 6.37 1.11 14.27 -1.32 9.91
Car 0.0 0 1.98 458.24 143.96 530.27 177.54 1.43 1.61 3.70 -5.22 0.14 33.02 1.82 1.57
Car 0.0 0 1.93 509.01 139.87 562.89 171.34 1.61 1.68 3.75 -3.98 -0.15 39.38 1.83 1.42
Car 0.0 0 -2.48 191.19 141.14 319.67 189.55 1.75 1.80 3.87 -12.68 0.63 25.86 -2.94 1.26
Car 0.0 0 -1.71 869.06 145.64 938.05 197.76 1.53 1.57 3.91 9.28 0.69 23.25 -1.32 1.52
Car 0.0 0 -1.06 928.84 183.30 1215.86 323.53 1.31 1.61 3.67 5.61 1.46 8.78 -0.49 4.66
Car 0.0 0 0.58 92.68 150.23 246.86 199.01 1.48 1.64 3.94 -14.05 0.80 22.44 0.03 0.64
Car 0.0 0 -1.71 869.16 145.84 941.10 200.35 1.51 1.57 3.92 9.00 0.71 22.39 -1.32 0.53
Car 0.0 0 1.91 556.92 139.56 606.87 163.95 1.59 1.70 3.80 -1.77 -0.56 46.98 1.87 0.34
