Car 0.0 0 -2.01 824.16 180.04 1062.53 320.82 1.50 1.58 3.57 4.18 1.63 9.83 -1.57 15.65
Car 0.0 0 -1.87 760.41 177.05 905.51 266.07 1.52 1.62 4.14 4.23 1.62 14.49 -1.57 10.85
Car 0.0 0 -1.79 724.44 174.33 821.74 235.16 1.53 1.66 4.14 4.36 1.58 20.06 -1.56 5.86
Car 0.0 0 -1.44 480.51 172.24 551.97 222.64 1.50 1.61 3.76 -3.03 1.52 23.87 -1.57 2.15
Car 0.0 0 2.13 150.87 170.93 261.86 214.43 1.46 1.65 3.88 -14.86 1.42 26.80 1.62 3.40
Car 0.0 0 1.42 664.48 166.34 706.16 197.90 1.66 1.60 3.79 4.18 1.33 40.90 1.52 1.37
Car 0.0 0 -1.31 278.28 150.52 471.72 305.96 1.75 1.67 3.76 -3.23 1.55 10.39 -1.62 6.55
Car 0.0 0 2.21 19.03 174.37 177.46 239.82 1.46 1.66 4.09 -13.82 1.57 19.37 1.59 0.42
Car 0.0 0 -1.47 508.88 169.83 565.96 210.75 1.56 1.63 3.87 -3.03 1.47 30.69 -1.57 0.76
Car 0.0 0 -1.75 697.26 173.86 771.92 220.49 1.48 1.64 4.11 4.36 1.57 26.30 -1.58 1.26
Car 0.0 0 1.99 241.33 171.19 325.16 207.05 1.42 1.53 3.76 -14.33 1.38 31.73 1.57 0.90
Car 0.0 0 -1.50 519.89 169.35 567.15 208.54 1.55 1.62 3.91 -2.96 1.46 32.46 -1.59 0.15
