Car 0.0 0 -2.85 274.89 181.49 427.22 239.59 1.4536 1.5773 3.7907 -7.0457 1.7213 19.7759 3.0328 12.4313
Car 0.0 0 1.75 492.26 178.84 545.55 219.55 1.5107 1.6154 3.7818 -3.5283 1.6786 28.0673 1.5696 13.0634
Car 0.0 0 -1.75 686.29 179.91 792.55 264.10 1.4728 1.5907 3.8168 2.4810 1.6422 14.6860 -1.5691 14.9887
Car 0.0 0 -1.91 736.21 184.65 962.24 333.07 1.51 1.68 3.88 2.74 1.68 9.22 -1.59 14.26
Car 0.0 0 -1.70 662.18 176.47 731.81 236.83 1.4891 1.5719 3.6456 2.2551 1.5988 19.8201 -1.6220 13.8290
Car 0.0 0 -2.83 301.18 172.84 451.15 231.78 1.7319 1.7548 4.2811 -7.3481 1.7002 22.7088 -3.2624 10.9135
Car 0.0 0 -1.65 651.35 176.45 704.84 224.61 1.4968 1.5721 3.5284 2.1404 1.5877 24.1441 -1.6018 9.7646
Car 0.0 0 -2.55 13.74 193.89 263.08 337.41 1.4640 1.6169 4.1816 -6.6313 1.7564 8.6682 3.1000 12.9961
Car 0.0 0 0.59 101.96 191.13 348.76 281.52 1.45 1.58 3.62 -7.14 1.83 13.34 0.10 0.91
Car 0.0 0 -3.01 385.17 176.44 486.94 214.62 1.56 1.61 4.02 -7.45 1.73 30.90 3.04 0.31
Car 0.0 0 -1.66 642.55 176.99 690.16 216.67 1.57 1.57 3.37 2.33 1.77 30.68 -1.58 0.11
