Car 0.0 0 -1.53 577.23 176.56 612.30 205.79 1.5808 1.6324 4.0286 -0.8206 1.6796 38.6018 -1.5846 11.2256
Car 0.0 0 0.41 256.09 181.59 411.70 235.95 1.54 1.64 3.99 -7.94 1.79 20.95 0.04 2.90
Car 0.0 0 -3.04 413.12 179.55 487.50 207.80 1.4339 1.5990 4.1098 -8.5776 1.8029 38.3515 3.0652 10.9873
Car 0.0 0 -2.97 332.76 183.57 449.77 224.40 1.42 1.66 4.10 -8.00 1.82 26.32 3.02 1.92
Car 0.0 0 0.44 144.45 174.96 371.83 260.32 1.6454 1.7932 4.6152 -7.7933 1.7670 16.1975 0.0200 12.6890
Car 0.0 0 1.69 524.29 178.99 558.42 203.74 1.4787 1.6678 3.9469 -3.8594 1.7503 42.5680 1.5726 8.6888
Car 0.0 0 -2.63 -1.62 186.77 308.43 291.28 1.55 1.65 4.03 -7.68 1.84 12.37 3.09 1.62
Car 0.0 0 -2.53 -13.01 191.39 203.39 338.03 1.48 1.59 3.55 -7.17 1.79 8.78 3.14 3.11
Car 0.0 0 -2.78 217.99 181.20 397.79 243.58 1.52 1.59 3.96 -7.72 1.75 18.59 3.10 0.29
Car 0.0 0 -2.95 311.25 182.51 442.00 228.34 1.45 1.55 4.10 -8.13 1.84 25.36 3.02 0.14
