Car 0.0 0 -2.65 248.83 179.06 442.78 255.75 1.57 1.66 3.70 -5.54 1.69 15.27 -3.00 7.34
Car 0.0 0 -3.04 355.22 180.33 484.12 229.39 1.52 1.67 3.90 -5.95 1.75 22.76 2.98 3.24
Car 0.0 0 -2.63 51.13 156.28 385.20 304.60 1.82 1.68 3.85 -5.38 1.67 10.07 -3.13 9.00
Car 0.0 0 -1.79 679.50 184.51 763.37 245.17 1.47 1.51 3.60 2.89 1.82 19.79 -1.63 8.90
Car 0.0 0 -1.75 657.15 182.27 723.92 228.41 1.47 1.59 3.98 2.62 1.81 24.92 -1.64 4.27
Car 0.0 0 -3.03 458.56 173.48 526.97 201.87 1.55 1.67 3.71 -6.80 1.62 41.57 3.09 0.71
Car 0.0 0 -3.00 386.01 177.22 496.71 220.52 1.49 1.64 3.89 -6.34 1.68 27.04 3.05 0.48
Car 0.0 0 -1.72 611.49 175.44 642.08 200.75 1.55 1.61 3.48 1.00 1.72 45.70 -1.70 0.59
Car 0.0 0 -3.05 442.60 177.09 516.86 205.22 1.49 1.62 3.67 -7.19 1.73 39.79 3.06 0.15
Car 0.0 0 -3.03 318.63 180.08 460.41 239.51 1.49 1.61 3.83 -5.97 1.72 19.56 2.96 0.30
