Car 0.0 0 2.00 285.02 181.86 389.04 237.06 1.67 1.67 4.04 -8.96 1.98 23.93 1.64 6.05
Car 0.0 0 1.89 372.41 185.75 446.40 226.00 1.51 1.64 3.90 -8.16 2.05 29.59 1.62 4.09
Car 0.0 0 -1.85 719.36 190.16 900.49 298.91 1.46 1.66 4.14 3.03 1.78 12.06 -1.58 14.55
Car 0.0 0 -1.75 668.07 184.09 738.11 237.09 1.52 1.62 3.73 2.77 1.87 22.50 -1.62 4.39
Car 0.0 0 -1.74 698.48 183.11 792.53 253.93 1.54 1.57 3.29 3.06 1.79 17.25 -1.56 5.64
Car 0.0 0 -1.68 655.52 180.62 710.74 225.20 1.54 1.66 3.84 2.68 1.88 27.76 -1.57 1.38
Car 0.0 0 1.89 413.56 186.55 468.62 218.20 1.44 1.58 3.48 -8.19 2.12 35.17 1.66 1.89
Car 0.0 0 1.86 443.26 183.94 489.28 213.06 1.50 1.57 3.57 -7.98 2.15 40.40 1.66 0.53
Car 0.0 0 -2.18 840.04 178.27 1237.24 383.35 1.62 1.68 4.07 3.38 1.63 5.81 -1.65 2.50
Car 0.0 0 -1.68 653.29 182.32 711.04 225.11 1.52 1.65 3.80 2.69 1.90 27.98 -1.58 0.26
