Car 0.0 0 1.41 612.60 165.51 659.14 205.36 1.9606 1.7952 4.5344 1.2505 1.5508 37.1230 -1.6311 10.9866
Car 0.0 0 -3.00 277.54 172.80 435.44 231.57 1.53 1.68 3.96 -6.96 1.55 19.94 2.95 2.34
Car 0.0 0 -2.72 123.61 170.48 382.24 263.10 1.5705 1.6655 4.0423 -6.7201 1.5269 13.9678 3.1235 9.1121
Car 0.0 0 -1.89 721.88 185.57 932.21 321.28 1.5467 1.6832 4.1566 2.9035 1.7578 10.7141 -1.6374 15.3871
Car 0.0 0 -3.02 323.03 172.74 449.03 221.75 1.5790 1.5976 3.8089 -7.2921 1.4453 24.1505 -3.1519 9.1322
Car 0.0 0 -2.74 46.46 167.56 353.74 276.35 1.60 1.66 4.07 -6.57 1.55 11.79 3.03 2.67
Car 0.0 0 1.54 507.61 169.39 543.16 195.65 1.4726 1.5679 3.7242 -5.3643 1.3141 46.1110 1.2539 5.0200
Car 0.0 0 -3.03 343.04 171.84 458.76 217.70 1.53 1.68 3.97 -7.50 1.51 25.84 2.97 0.70
Car 0.0 0 -2.20 413.83 168.74 497.45 208.47 1.65 1.72 3.87 -7.00 1.50 32.51 -2.41 0.31
Car 0.0 0 0.60 -7.06 180.16 299.52 330.00 1.6497 1.6429 4.0899 -6.4886 1.5173 11.1394 3.0726 12.9630
Car 0.0 0 -3.08 358.40 170.56 465.55 217.11 1.5929 1.6788 3.8799 -7.4197 1.4240 27.1117 3.0648 8.0915
