Car 0.0 0 -0.28 689.37 171.16 817.40 216.05 1.52 1.70 3.97 4.93 1.46 25.46 -0.08 4.25
Car 0.0 0 1.93 229.49 189.06 389.36 275.72 1.46 1.57 3.85 -5.79 1.79 14.34 1.54 11.04
Car 0.0 0 1.83 347.15 180.53 443.49 240.00 1.54 1.64 3.90 -6.08 1.77 20.76 1.54 5.92
Car 0.0 0 -0.34 665.09 171.07 760.02 205.51 1.49 1.61 3.71 4.36 1.40 31.35 -0.20 1.78
Car 0.0 0 2.70 739.38 176.90 1036.79 266.43 1.48 1.61 4.29 4.63 1.57 12.73 3.07 4.23
Car 0.0 0 1.74 439.53 177.78 494.64 213.66 1.41 1.60 3.71 -6.22 1.67 31.72 1.55 0.90
Car 0.0 0 2.61 818.96 165.15 1166.86 304.01 1.62 1.69 3.84 5.59 1.67 10.80 3.09 1.71
Car 0.0 0 -0.17 644.83 171.11 723.02 199.46 1.51 1.66 4.12 3.96 1.42 39.12 -0.07 0.22
Car 0.0 0 -2.15 943.96 160.07 1266.41 385.55 1.61 1.60 3.50 4.37 1.62 5.85 -1.54 0.72
Car 0.0 0 2.61 798.37 165.92 1151.56 296.02 1.59 1.67 4.01 5.29 1.64 10.87 3.08 1.10
