Car 0.0 0 -0.17 653.67 173.71 767.71 213.47 1.52 1.68 4.30 3.92 1.57 28.83 -0.03 1.90
Car 0.0 0 1.78 379.39 178.48 499.19 274.64 1.57 1.57 3.71 -3.18 1.70 13.98 1.55 13.23
Car 0.0 0 1.71 478.42 172.56 540.35 229.15 1.68 1.54 3.69 -3.25 1.70 23.63 1.57 6.04
Car 0.0 0 1.65 513.98 175.62 561.27 215.24 1.54 1.56 3.75 -3.07 1.69 30.82 1.55 2.87
Car 0.0 0 2.96 677.80 170.39 813.39 221.95 1.63 1.66 4.03 4.54 1.59 24.56 -3.14 1.46
Car 0.0 0 -0.42 718.67 161.12 984.32 272.24 1.76 1.68 4.08 4.02 1.56 12.56 -0.09 4.66
Car 0.0 0 2.60 772.15 170.34 1090.82 293.36 1.55 1.66 4.19 4.72 1.58 10.93 3.02 2.81
Car 0.0 0 -0.02 625.14 172.08 701.09 201.25 1.58 1.68 4.00 2.97 1.57 40.95 0.05 0.29
Car 0.0 0 -1.54 543.54 177.25 578.72 204.40 1.45 1.58 3.72 -2.71 1.69 39.91 -1.60 0.77
Car 0.0 0 -0.18 648.97 173.99 748.70 211.68 1.51 1.64 4.26 3.85 1.61 31.69 -0.06 0.19
Car 0.0 0 -0.02 625.29 170.86 697.13 199.82 1.61 1.70 3.93 2.93 1.54 41.76 0.06 0.16
