Car 0.0 0 -1.80 676.93 181.90 794.26 263.77 1.50 1.66 3.89 2.47 1.72 15.43 -1.62 10.74
Car 0.0 0 -2.78 158.47 190.06 423.00 280.51 1.52 1.68 3.98 -5.68 1.85 13.28 3.09 9.40
Car 0.0 0 -3.01 312.43 183.44 487.52 247.91 1.5211 1.6302 3.7364 -5.4987 1.8479 18.6843 2.6807 9.2788
Car 0.0 0 -2.78 262.20 184.62 453.40 259.38 1.5306 1.6727 3.9642 -5.6929 1.8202 15.9900 2.7199 8.7283
Car 0.0 0 -1.71 658.05 180.97 712.44 225.59 1.5387 1.6388 3.8202 2.5879 1.7539 26.4614 -1.5908 13.0317
Car 0.0 0 0.13 443.24 181.78 531.02 213.73 1.43 1.60 3.74 -5.49 1.80 32.18 -0.04 1.60
Car 0.0 0 -1.66 640.66 177.21 675.20 208.39 1.4926 1.5725 3.5853 2.6908 1.8128 38.5737 -1.5948 8.2093
Car 0.0 0 -3.05 489.29 178.23 556.00 205.65 1.55 1.63 3.70 -5.10 1.86 41.56 3.11 0.22
Car 0.0 0 -1.74 669.18 182.85 731.62 234.52 1.51 1.45 3.25 2.74 1.83 22.73 -1.62 0.22
Car 0.0 0 -1.69 644.45 179.60 680.51 208.55 1.5496 1.6717 3.8772 3.2823 1.8208 42.8927 2.7847 0.7693
