Car 0.0 0 1.75 433.90 181.53 525.78 250.86 1.45 1.50 3.48 -3.09 1.69 17.34 1.57 8.19
Car 0.0 0 -1.94 736.21 184.33 980.68 345.29 1.50 1.60 3.69 2.62 1.65 8.56 -1.61 15.16
Car 0.0 0 -2.73 123.86 188.97 363.08 276.20 1.46 1.61 3.70 -6.84 1.81 13.76 3.08 10.60
Car 0.0 0 -1.82 688.64 177.41 816.48 271.27 1.56 1.67 3.85 2.56 1.67 14.05 -1.62 10.12
Car 0.0 0 -1.69 649.23 177.17 703.10 224.47 1.56 1.54 3.41 2.22 1.70 25.29 -1.60 2.78
Car 0.0 0 -1.66 632.70 174.72 679.46 213.01 1.63 1.66 3.81 1.99 1.73 32.44 -1.59 0.95
Car 0.0 0 -1.74 669.10 179.45 748.41 245.00 1.53 1.56 3.44 2.43 1.71 18.84 -1.60 4.41
Car 0.0 0 -2.67 202.43 175.87 414.75 254.72 1.63 1.71 4.02 -6.62 1.71 15.83 -3.06 4.27
Car 0.0 0 -1.68 633.52 176.07 678.05 214.26 1.61 1.60 3.62 1.92 1.74 31.50 -1.62 0.19
Car 0.0 0 0.31 365.90 178.01 486.72 226.84 1.44 1.59 3.28 -5.70 1.62 22.55 0.06 0.33
