Car 0.0 0 -0.45 757.64 192.13 858.57 235.73 1.54 1.62 3.51 7.39 2.29 27.17 -0.18 2.91
Car 0.0 0 1.93 268.07 212.95 475.99 329.09 1.37 1.54 3.81 -3.41 2.03 11.01 1.61 13.20
Car 0.0 0 1.80 424.52 202.16 531.39 282.08 1.43 1.51 3.59 -2.77 2.10 15.55 1.62 9.14
Car 0.0 0 -0.25 727.56 191.45 834.50 230.74 1.52 1.69 4.10 6.98 2.32 29.91 -0.02 1.97
Car 0.0 0 -0.45 846.17 195.35 1102.36 282.44 1.55 1.68 4.34 7.02 2.04 14.32 0.02 7.03
Car 0.0 0 -0.38 808.32 194.80 951.66 250.34 1.51 1.66 3.83 7.82 2.19 21.24 -0.03 2.97
Car 0.0 0 -0.16 682.88 191.75 752.69 220.45 1.45 1.63 3.81 5.75 2.49 38.73 -0.01 0.64
Car 0.0 0 -0.13 669.44 190.27 734.90 217.30 1.52 1.66 4.01 5.32 2.56 42.29 -0.00 0.37
Car 0.0 0 -0.24 722.72 191.12 822.95 231.54 1.54 1.69 4.14 6.86 2.37 30.93 -0.02 0.38
Car 0.0 0 -0.54 928.61 197.35 1239.30 301.28 1.50 1.58 4.03 7.55 1.97 11.79 0.04 0.62
