Car 0.0 0 -1.73 685.38 180.55 753.38 230.56 1.52 1.61 3.90 3.48 1.78 23.89 -1.58 5.39
Car 0.0 0 -1.81 752.01 185.26 907.59 296.93 1.48 1.52 3.56 3.29 1.71 11.59 -1.52 14.84
Car 0.0 0 -1.77 721.17 181.46 812.94 255.69 1.55 1.58 3.67 3.53 1.76 17.02 -1.55 9.12
Car 0.0 0 -1.67 666.72 179.71 703.55 211.34 1.51 1.55 3.53 3.64 1.86 35.94 -1.56 1.05
Car 0.0 0 -3.02 481.99 176.77 575.51 213.06 1.52 1.63 3.91 -3.57 1.69 31.68 -3.13 0.80
Car 0.0 0 0.25 410.56 173.24 546.99 224.88 1.67 1.68 4.17 -4.23 1.66 23.53 0.07 1.04
Car 0.0 0 -3.06 514.15 175.82 586.40 204.35 1.55 1.69 3.86 -3.38 1.71 39.80 3.14 0.66
Car 0.0 0 -1.68 677.42 178.39 730.78 221.55 1.57 1.58 3.43 3.60 1.80 28.50 -1.55 0.92
Car 0.0 0 0.54 98.58 173.44 485.20 304.10 1.52 1.60 4.18 -3.95 1.54 9.25 0.12 2.72
Car 0.0 0 0.28 387.38 174.47 531.82 228.04 1.64 1.66 3.91 -4.57 1.66 22.14 0.07 0.37
Car 0.0 0 0.58 50.82 157.79 449.37 353.06 1.60 1.69 4.07 -3.66 1.44 6.11 0.12 0.84
Car 0.0 0 -2.09 861.64 195.63 1261.80 377.62 1.50 1.58 3.67 3.49 1.74 6.32 -1.53 2.25
Car 0.0 0 -3.04 529.06 175.56 583.63 204.22 1.55 1.67 3.81 -3.07 1.72 40.61 -3.11 0.16
Car 0.0 0 -2.88 383.39 173.37 523.96 227.95 1.61 1.65 3.87 -4.65 1.62 21.58 -3.09 0.17
