Car 0.0 0 -1.93 791.96 177.03 961.24 285.30 1.4798 1.5362 3.1581 4.1768 1.5909 11.9226 -1.5775 14.9253
Car 0.0 0 -1.83 743.20 175.26 862.36 250.44 1.4142 1.4988 3.2986 4.0779 1.5510 16.2452 -1.5804 11.7841
Car 0.0 0 -1.46 488.43 170.90 560.22 218.49 1.5150 1.6077 3.8419 -2.9569 1.5220 26.0479 1.5509 11.0136
Car 0.0 0 -1.78 714.35 173.68 802.17 227.36 1.52 1.66 4.13 4.42 1.55 22.43 -1.57 4.04
Car 0.0 0 1.44 663.57 166.75 700.72 195.85 1.64 1.63 3.75 4.30 1.31 43.90 1.54 1.51
Car 0.0 0 -1.29 339.00 155.92 495.89 281.98 1.75 1.68 3.82 -3.13 1.54 12.12 -1.55 7.37
Car 0.0 0 -1.75 691.14 173.19 751.34 215.13 1.5078 1.6061 3.7811 4.0619 1.5018 27.4304 -1.5717 8.9545
Car 0.0 0 -1.37 434.29 155.35 546.35 235.34 2.0838 1.8073 4.6594 -3.1469 1.6326 20.0800 -1.5112 9.3124
Car 0.0 0 -1.49 520.14 170.11 568.81 209.07 1.5675 1.6200 3.6794 -3.8746 1.1433 49.6746 -2.4041 -0.8384
Car 0.0 0 1.97 261.44 171.84 352.60 214.53 1.41 1.60 3.78 -12.19 1.48 29.28 1.58 0.20
