Car 0.0 0 1.84 387.50 193.55 500.79 260.01 1.41 1.63 3.98 -3.93 1.92 17.50 1.61 8.88
Car 0.0 0 -1.58 568.80 184.64 648.48 256.92 1.54 1.67 3.92 -0.07 1.83 17.24 -1.59 10.14
Car 0.0 0 0.13 193.53 195.45 268.28 224.92 1.52 1.83 3.38 -21.01 2.80 39.99 -0.35 1.49
Car 0.0 0 -1.97 760.64 188.84 1064.24 378.03 1.51 1.60 3.75 2.75 1.67 7.57 -1.57 18.59
Car 0.0 0 -1.69 668.28 185.07 733.69 240.66 1.51 1.57 3.97 2.59 1.89 21.66 -1.56 5.24
Car 0.0 0 -1.78 691.78 185.12 812.02 280.74 1.52 1.62 4.04 2.45 1.77 13.53 -1.59 11.58
Car 0.0 0 -1.64 662.29 181.80 713.83 228.90 1.58 1.60 4.04 2.82 1.94 26.95 -1.53 2.01
Car 0.0 0 1.61 554.27 183.77 590.48 213.07 1.46 1.62 4.01 -2.05 2.06 38.42 1.56 1.29
Car 0.0 0 0.15 311.59 190.18 381.04 217.11 1.49 1.71 3.62 -15.73 2.55 42.96 -0.20 0.53
Car 0.0 0 1.78 447.77 183.31 510.54 231.57 1.51 1.58 3.66 -4.92 2.01 27.28 1.60 0.10
