Car 0.0 0 -1.93 730.49 185.70 966.65 331.25 1.45 1.57 4.03 2.79 1.66 9.58 -1.61 14.06
Car 0.0 0 -2.16 287.66 175.00 425.89 231.79 1.50 1.62 3.60 -6.97 1.56 19.95 -2.50 2.50
Car 0.0 0 -3.05 318.30 173.47 446.21 222.97 1.49 1.64 3.90 -7.26 1.52 22.94 2.93 2.20
Car 0.0 0 -1.75 614.09 164.51 659.12 204.64 1.73 1.61 3.76 1.08 1.36 32.52 -1.71 2.11
Car 0.0 0 -2.68 94.98 174.62 366.20 270.23 1.54 1.61 3.84 -6.42 1.56 12.28 3.12 4.22
Car 0.0 0 1.53 510.34 168.64 543.22 195.76 1.49 1.65 3.84 -4.90 1.27 42.19 1.41 1.33
Car 0.0 0 -2.67 19.92 171.27 330.85 284.20 1.52 1.62 3.91 -6.62 1.56 11.18 3.07 1.49
Car 0.0 0 -2.99 338.13 172.25 457.46 216.86 1.49 1.67 4.08 -7.58 1.49 25.80 3.00 0.82
Car 0.0 0 -2.25 408.87 167.81 493.39 207.71 1.64 1.72 4.01 -7.13 1.45 32.14 -2.47 0.20
Car 0.0 0 -3.08 362.21 169.14 477.35 214.34 1.57 1.70 3.98 -7.59 1.51 28.85 2.95 0.10
Car 0.0 0 2.07 74.46 170.98 235.68 233.77 1.47 1.56 3.81 -13.07 1.51 21.32 1.51 0.12
Car 0.0 0 -2.62 2.42 164.32 322.43 277.56 1.51 1.61 3.89 -7.30 1.51 12.19 3.11 0.27
