Car 0.0 0 2.84 686.36 168.16 847.37 224.74 1.59 1.70 4.12 4.34 1.45 20.87 3.05 3.38
Car 0.0 0 1.98 135.27 176.53 419.22 367.31 1.56 1.59 3.70 -3.36 1.65 8.05 1.55 17.87
Car 0.0 0 1.77 422.75 166.11 514.03 245.65 1.71 1.60 3.76 -3.36 1.57 17.50 1.58 8.60
Car 0.0 0 1.73 481.48 172.23 544.24 221.66 1.55 1.55 3.66 -3.27 1.54 24.67 1.59 3.80
Car 0.0 0 -1.51 519.75 172.78 565.33 207.30 1.49 1.62 3.81 -3.10 1.50 33.40 -1.61 2.40
Car 0.0 0 -0.22 650.67 169.37 779.45 216.22 1.56 1.65 4.31 3.71 1.48 26.14 -0.07 0.90
Car 0.0 0 -0.25 659.47 170.01 802.70 220.61 1.55 1.61 4.24 3.93 1.50 24.24 -0.08 1.08
Car 0.0 0 -0.09 622.42 168.42 710.87 203.08 1.56 1.67 4.11 2.72 1.39 35.04 -0.01 0.26
Car 0.0 0 -0.36 711.81 166.53 899.35 229.72 1.55 1.66 3.90 4.90 1.44 19.08 -0.09 0.55
Car 0.0 0 -0.24 664.44 170.58 807.71 216.97 1.56 1.63 4.24 4.11 1.46 24.33 -0.07 0.26
