Car 0.0 0 -1.23 174.69 190.81 463.31 368.06 1.40 1.61 3.70 -2.84 1.61 7.87 -1.61 18.46
Car 0.0 0 -2.07 839.34 198.52 1146.20 345.72 1.42 1.69 4.07 4.33 1.76 9.09 -1.58 14.23
Car 0.0 0 -1.45 480.11 178.84 555.75 231.39 1.44 1.69 3.95 -2.64 1.61 21.22 -1.58 5.88
Car 0.0 0 2.05 180.24 172.79 284.37 213.56 1.43 1.67 3.99 -14.79 1.48 28.43 1.57 3.63
Car 0.0 0 -1.49 513.81 170.38 566.91 214.14 1.69 1.66 3.82 -2.82 1.60 29.52 -1.59 2.26
Car 0.0 0 2.17 61.63 173.00 191.89 221.35 1.42 1.62 3.34 -15.53 1.45 23.30 1.58 3.01
Car 0.0 0 -1.32 394.98 168.29 528.30 265.13 1.63 1.73 3.95 -2.76 1.58 14.00 -1.53 8.71
Car 0.0 0 -1.86 697.67 173.36 778.50 226.49 1.78 1.70 4.37 4.51 1.82 26.41 -1.69 3.24
Car 0.0 0 1.02 888.20 182.69 995.04 231.48 1.51 1.67 4.03 13.13 2.05 28.97 1.45 0.31
Car 0.0 0 1.94 282.52 173.56 363.72 208.69 1.43 1.60 3.99 -13.11 1.50 33.49 1.56 0.34
Car 0.0 0 2.68 979.61 180.64 1164.79 252.64 1.53 1.73 4.36 11.10 1.78 17.81 -3.03 0.54
