Car 0.0 0 -2.83 255.27 182.68 418.85 244.00 1.49 1.62 3.62 -6.87 1.75 18.35 3.09 6.17
Car 0.0 0 -1.79 691.44 180.49 812.13 272.47 1.54 1.62 3.68 2.55 1.71 14.01 -1.59 10.68
Car 0.0 0 1.73 484.20 179.02 543.77 223.12 1.47 1.54 3.56 -3.38 1.70 26.07 1.60 4.65
Car 0.0 0 -1.72 662.96 176.77 740.42 241.74 1.60 1.63 3.72 2.36 1.72 19.71 -1.60 6.47
Car 0.0 0 -2.79 295.87 172.95 445.41 232.61 1.71 1.68 3.91 -7.16 1.74 21.63 -3.11 3.16
Car 0.0 0 -1.69 653.38 177.13 709.89 226.94 1.57 1.56 3.36 2.38 1.74 25.06 -1.59 1.95
Car 0.0 0 -1.96 751.22 189.76 1031.77 362.47 1.50 1.63 3.82 2.73 1.68 8.00 -1.58 11.75
Car 0.0 0 -1.66 634.90 175.88 682.84 214.62 1.56 1.58 3.42 2.06 1.72 31.56 -1.59 0.58
Car 0.0 0 -3.01 404.53 176.33 500.11 210.90 1.46 1.62 3.95 -7.38 1.68 33.78 3.06 0.35
Car 0.0 0 -1.68 636.39 177.82 680.48 214.83 1.57 1.56 3.36 2.06 1.77 31.71 -1.61 0.11
