Car 0.0 0 -2.07 844.39 186.01 1141.16 350.69 1.4549 1.5343 3.2546 4.1378 1.6555 8.5122 -1.5758 13.5637
Car 0.0 0 -1.91 771.38 182.76 935.13 280.02 1.4441 1.5134 3.2812 4.0700 1.6719 12.8982 -1.6071 14.8750
Car 0.0 0 -1.44 472.22 174.42 549.61 228.46 1.55 1.61 3.79 -2.99 1.60 22.18 -1.57 2.78
Car 0.0 0 -1.47 505.01 171.95 562.97 215.16 1.6702 1.6636 4.0750 -2.9586 1.6131 29.1232 -1.5800 9.6194
Car 0.0 0 2.12 129.02 173.82 247.01 218.68 1.5288 1.6789 4.2631 -15.2551 1.5585 26.3375 1.5996 11.7623
Car 0.0 0 -1.84 728.91 179.18 843.33 244.97 1.5409 1.6176 3.7781 12.2174 1.5333 43.4745 3.1261 6.1780
Car 0.0 0 1.40 665.14 170.94 708.09 202.30 1.6988 1.7501 4.1304 4.1715 1.6272 40.2517 -1.5877 8.7419
Car 0.0 0 2.24 -3.91 180.88 137.55 237.16 1.4012 1.5211 3.8141 -15.0257 1.6510 19.8254 1.5427 10.8869
Car 0.0 0 -1.28 232.42 150.97 462.12 328.00 1.76 1.68 3.81 -3.22 1.58 9.40 -1.63 6.58
Car 0.0 0 1.32 700.50 178.46 779.83 227.56 1.5549 1.7352 4.4262 4.0772 1.6811 23.9733 -1.5745 8.9451
Car 0.0 0 -1.37 396.09 158.23 531.89 252.02 2.1288 1.7854 4.5509 -3.2275 1.6475 16.5969 -1.5318 10.2521
