Car 0.0 0 -2.83 280.37 182.01 495.52 252.38 1.45 1.71 4.25 -4.89 1.67 16.12 -3.13 10.71
Car 0.0 0 -1.69 666.89 182.70 720.86 226.90 1.47 1.58 3.52 2.92 1.84 26.13 -1.57 5.50
Car 0.0 0 -1.83 705.87 185.09 845.26 280.77 1.43 1.61 3.82 2.73 1.68 13.08 -1.61 12.71
Car 0.0 0 -2.83 349.73 172.16 505.70 234.08 1.69 1.72 3.96 -5.22 1.68 20.51 -3.07 2.38
Car 0.0 0 -1.71 647.55 182.51 688.65 213.83 1.45 1.56 3.74 2.74 1.93 35.37 -1.63 1.81
Car 0.0 0 -2.70 417.40 170.37 534.11 220.26 1.75 1.76 3.91 -4.81 1.65 25.49 -2.89 0.94
Car 0.0 0 -3.12 500.79 174.36 572.61 200.88 1.46 1.72 4.21 -4.15 1.54 40.03 3.06 0.48
Car 0.0 0 -2.71 14.97 178.23 341.81 350.92 1.50 1.69 4.10 -5.05 1.58 7.40 3.03 5.06
Car 0.0 0 -3.02 452.18 175.69 556.52 211.22 1.56 1.69 4.14 -4.51 1.64 30.89 3.12 0.33
Car 0.0 0 -2.82 361.45 173.04 495.28 236.15 1.65 1.69 3.90 -5.00 1.66 19.81 -3.07 0.53
