Car 0.0 0 -1.72 878.84 188.27 957.29 249.25 1.48 1.55 3.65 8.42 1.95 20.07 -1.32 5.03
Car 0.0 0 0.41 446.32 170.06 679.45 261.29 1.65 1.68 3.95 -0.88 1.61 14.27 0.35 6.21
Car 0.0 0 -1.73 905.36 188.62 1024.24 282.92 1.54 1.50 3.45 6.66 1.89 13.96 -1.27 3.72
Car 0.0 0 -3.00 595.20 179.95 726.96 230.82 1.51 1.58 4.05 1.31 1.55 18.15 -2.93 0.72
Car 0.0 0 0.37 501.81 174.46 701.57 251.28 1.61 1.60 4.09 -0.21 1.66 16.48 0.36 2.74
Car 0.0 0 -1.67 930.05 181.06 1113.21 355.15 1.67 1.62 3.62 4.93 1.81 9.05 -1.15 6.41
Car 0.0 0 -3.03 681.68 180.24 765.31 212.30 1.51 1.64 3.94 5.51 1.88 35.25 -2.87 0.42
Car 0.0 0 -1.64 854.45 185.15 894.85 220.55 1.54 1.63 3.80 12.21 2.14 33.43 -1.29 0.34
Car 0.0 0 0.26 664.48 180.81 757.87 215.72 1.53 1.66 4.06 4.33 1.82 30.86 0.40 0.41
Car 0.0 0 -1.68 861.08 186.91 912.55 224.92 1.51 1.50 3.53 11.50 2.10 30.30 -1.32 0.65
Car 0.0 0 -3.03 702.73 180.30 774.17 209.19 1.49 1.64 3.94 6.86 1.91 38.89 -2.85 0.17
Car 0.0 0 -3.01 564.90 179.24 724.60 240.28 1.46 1.56 4.10 0.76 1.52 16.09 -2.96 0.36
