Car 0.0 0 -1.75 120.86 177.76 239.37 247.78 1.70 1.76 3.92 -11.43 1.82 18.91 -2.28 5.36
Car 0.0 0 1.05 866.77 163.62 1008.58 228.83 1.69 1.73 4.45 9.09 1.46 20.36 1.48 3.90
Car 0.0 0 -1.55 659.68 176.04 737.44 233.49 1.70 1.67 3.93 2.79 1.82 23.32 -1.42 3.50
Car 0.0 0 2.57 755.66 181.51 852.95 216.92 1.43 1.58 3.98 8.45 1.84 31.50 2.83 2.46
Car 0.0 0 2.11 515.74 183.54 622.10 228.50 1.44 1.66 4.11 -1.47 1.90 26.47 2.05 2.08
Car 0.0 0 -3.10 634.23 179.14 722.02 215.24 1.60 1.69 4.02 3.25 1.93 34.36 -3.01 0.39
Car 0.0 0 -2.52 927.27 164.87 1101.30 224.19 1.50 1.67 4.46 11.40 1.33 20.59 -2.00 1.71
Car 0.0 0 2.98 379.00 180.52 464.36 218.93 1.52 1.60 3.45 -8.61 1.97 32.72 2.73 0.50
Car 0.0 0 2.68 1025.94 159.38 1174.98 215.03 1.62 1.67 4.45 15.57 1.24 23.17 -3.00 0.55
Car 0.0 0 2.62 817.75 177.50 917.71 218.81 1.46 1.66 4.08 9.98 1.68 27.95 2.96 0.46
Car 0.0 0 2.00 436.41 182.12 518.02 224.82 1.47 1.66 3.81 -5.45 1.94 29.41 1.82 0.24
