Car 0.0 0 -0.45 655.87 186.38 766.64 234.50 1.52 1.59 3.49 3.35 2.01 24.57 -0.31 3.50
Car 0.0 0 1.91 191.87 202.93 380.82 318.88 1.41 1.56 3.82 -4.87 1.93 11.29 1.48 11.65
Car 0.0 0 -0.51 771.42 189.60 1110.55 304.11 1.52 1.70 4.33 4.87 1.85 11.24 -0.08 9.02
Car 0.0 0 -0.43 714.41 187.70 879.66 248.55 1.51 1.62 3.79 4.89 1.93 19.37 -0.17 2.67
Car 0.0 0 -0.40 619.16 182.82 735.98 228.48 1.64 1.71 4.09 2.53 2.08 28.23 -0.31 1.11
Car 0.0 0 -0.41 624.90 184.47 738.78 229.37 1.56 1.69 3.93 2.56 2.03 27.05 -0.31 2.32
Car 0.0 0 -0.41 595.06 183.02 692.34 220.64 1.59 1.66 3.97 1.41 2.06 32.01 -0.37 0.84
Car 0.0 0 -0.16 572.79 185.13 651.84 215.06 1.46 1.63 3.97 0.08 2.13 37.41 -0.15 0.53
Car 0.0 0 -0.09 559.10 183.00 635.84 212.82 1.58 1.68 4.16 -0.87 2.20 41.05 -0.10 0.19
Car 0.0 0 -0.40 741.39 191.49 958.21 266.25 1.48 1.63 4.32 5.20 1.91 15.83 -0.08 0.84
Car 0.0 0 -0.40 752.31 188.63 978.60 266.81 1.47 1.62 4.26 5.21 1.87 15.40 -0.06 0.82
Car 0.0 0 2.54 794.87 190.15 1121.55 313.15 1.52 1.69 4.18 5.18 1.86 10.81 2.99 0.85
