Car 0.0 0 -2.87 286.50 182.65 435.98 235.97 1.46 1.62 3.73 -7.14 1.76 20.91 3.08 5.59
Car 0.0 0 -1.75 677.51 180.59 776.07 256.95 1.54 1.64 3.66 2.48 1.73 16.39 -1.59 8.86
Car 0.0 0 1.71 498.44 178.49 547.08 216.10 1.43 1.54 3.58 -3.52 1.67 29.55 1.59 4.25
Car 0.0 0 -1.88 722.59 186.98 919.69 314.04 1.49 1.62 3.71 2.73 1.70 10.31 -1.60 13.20
Car 0.0 0 -1.70 655.96 177.21 723.38 232.58 1.57 1.63 3.68 2.30 1.71 22.06 -1.59 4.80
Car 0.0 0 -2.85 329.21 173.54 455.10 225.62 1.69 1.65 3.80 -7.53 1.75 24.80 3.14 2.06
Car 0.0 0 -1.67 644.88 176.22 694.91 221.43 1.57 1.55 3.21 2.19 1.73 27.48 -1.59 0.78
Car 0.0 0 -2.57 41.14 193.74 293.54 318.64 1.45 1.62 3.83 -6.52 1.76 9.64 -3.12 4.11
Car 0.0 0 -3.00 398.53 175.68 496.47 212.68 1.58 1.63 3.97 -7.25 1.73 32.12 3.07 0.55
Car 0.0 0 -1.65 630.69 175.45 677.62 213.69 1.58 1.60 3.29 1.96 1.74 32.89 -1.59 0.19
Car 0.0 0 0.57 135.15 186.38 370.59 272.60 1.46 1.59 3.83 -6.93 1.78 14.09 0.11 0.48
