Car 0.0 0 -1.27 259.90 179.85 490.32 331.70 1.51 1.65 3.84 -2.82 1.63 9.42 -1.58 16.30
Car 0.0 0 -1.83 748.41 181.03 857.97 254.28 1.53 1.63 3.80 4.42 1.75 17.23 -1.56 9.74
Car 0.0 0 2.04 178.00 185.45 272.35 225.54 1.40 1.56 3.96 -14.73 1.90 27.70 1.55 4.30
Car 0.0 0 -1.77 719.47 181.49 805.83 235.66 1.49 1.66 4.00 4.49 1.77 22.05 -1.56 4.11
Car 0.0 0 1.98 257.61 180.53 340.35 215.05 1.45 1.63 4.08 -14.01 1.81 32.50 1.58 1.40
Car 0.0 0 -1.71 699.36 179.13 765.74 224.66 1.51 1.62 3.96 4.40 1.77 26.87 -1.54 1.38
Car 0.0 0 -1.38 477.03 164.55 558.62 228.53 1.81 1.73 4.17 -2.87 1.63 23.03 -1.50 1.84
Car 0.0 0 1.46 663.79 173.42 694.95 199.17 1.58 1.62 3.82 4.52 1.66 47.91 1.56 0.67
Car 0.0 0 -1.34 416.59 167.41 530.91 254.92 1.74 1.71 3.95 -2.98 1.65 16.26 -1.53 3.16
Car 0.0 0 -1.47 510.42 175.36 568.19 218.95 1.57 1.58 3.66 -2.81 1.72 29.08 -1.56 0.40
Car 0.0 0 -1.67 686.10 179.13 729.84 214.36 1.46 1.58 3.76 4.47 1.81 33.91 -1.53 0.34
Car 0.0 0 -1.49 533.00 176.48 577.73 207.27 1.47 1.60 3.68 -2.78 1.68 36.67 -1.56 0.08
