Car 0.0 0 -1.62 319.38 180.92 385.01 235.84 1.60 1.64 3.45 -8.33 1.88 23.10 -1.96 6.58
Car 0.0 0 -1.29 90.71 193.55 287.50 297.12 1.46 1.68 4.14 -7.15 1.85 12.68 -1.82 13.40
Car 0.0 0 -1.57 952.77 173.88 1085.67 263.77 1.70 1.65 3.83 8.50 1.73 15.24 -1.05 6.83
Car 0.0 0 2.01 739.35 181.18 882.40 245.19 1.53 1.67 4.20 5.45 1.78 19.42 2.28 5.02
Car 0.0 0 2.14 1067.65 180.78 1211.48 228.22 1.42 1.51 4.45 17.72 1.71 23.91 2.78 2.28
Car 0.0 0 2.00 680.01 182.04 803.48 238.34 1.51 1.67 4.14 4.10 1.84 22.09 2.18 2.37
Car 0.0 0 2.08 898.84 185.67 1000.87 222.37 1.38 1.61 4.08 13.38 1.88 28.48 2.52 1.60
Car 0.0 0 2.71 601.98 178.63 705.24 227.70 1.68 1.59 3.56 1.62 1.97 27.46 2.77 1.14
Car 0.0 0 2.08 646.88 181.26 769.38 239.23 1.52 1.64 3.99 3.06 1.89 22.89 2.22 0.99
Car 0.0 0 2.08 -29.97 199.72 80.04 246.36 1.48 1.62 3.84 -21.12 2.50 25.98 1.40 0.63
Car 0.0 0 2.10 1150.51 178.71 1251.37 229.94 1.48 1.66 4.18 18.94 1.68 22.37 2.79 0.90
Car 0.0 0 2.76 577.42 181.48 673.24 222.85 1.59 1.58 3.62 0.62 2.01 30.53 2.78 0.37
Car 0.0 0 2.78 574.74 180.84 670.68 222.60 1.60 1.58 3.71 0.51 2.00 30.65 2.80 0.29
