Car 0.0 0 -1.84 704.90 190.57 818.86 271.37 1.47 1.50 3.53 3.03 1.88 15.38 -1.63 12.04
Car 0.0 0 -2.67 302.03 179.76 458.22 245.24 1.60 1.69 3.78 -5.76 1.75 18.09 -2.98 3.64
Car 0.0 0 -2.64 47.80 182.66 383.78 299.57 1.51 1.65 4.19 -5.77 1.71 10.82 3.14 10.04
Car 0.0 0 -3.02 440.54 177.83 521.40 207.90 1.56 1.68 3.97 -6.84 1.82 38.25 3.09 0.63
Car 0.0 0 -1.80 670.06 186.76 760.35 244.67 1.46 1.61 4.00 2.80 1.87 20.44 -1.65 6.88
Car 0.0 0 -1.72 615.02 176.96 649.43 206.74 1.64 1.66 3.61 1.21 1.90 41.79 -1.68 1.57
Car 0.0 0 -2.07 352.46 178.95 475.01 232.10 1.55 1.62 3.67 -6.29 1.76 22.87 -2.33 0.81
Car 0.0 0 -2.98 396.80 181.58 491.78 219.02 1.46 1.59 3.70 -6.62 1.80 28.82 3.08 0.34
Car 0.0 0 -2.71 268.20 184.48 439.83 254.95 1.51 1.65 3.74 -5.72 1.76 16.15 -3.05 0.98
Car 0.0 0 -2.75 184.44 183.10 413.13 263.25 1.47 1.62 3.78 -6.34 1.71 14.68 3.13 0.86
