Car 0.0 0 1.71 477.54 177.97 545.83 239.74 1.58 1.60 3.75 -2.74 1.74 20.54 1.58 8.76
Car 0.0 0 1.70 523.02 174.86 570.42 217.61 1.66 1.56 3.69 -2.62 1.77 30.28 1.61 3.49
Car 0.0 0 2.26 694.76 165.50 874.30 238.52 1.74 1.67 4.05 4.23 1.56 17.74 2.50 2.94
Car 0.0 0 -0.08 640.30 173.24 712.01 201.00 1.66 1.70 4.03 4.06 1.70 44.66 0.01 0.57
Car 0.0 0 -0.16 657.19 174.16 742.95 205.89 1.57 1.68 4.10 4.58 1.65 37.01 -0.04 0.71
Car 0.0 0 2.63 763.50 160.25 1138.09 304.46 1.64 1.63 3.95 3.99 1.52 8.94 3.07 2.52
Car 0.0 0 -0.27 686.20 166.81 833.08 230.32 1.72 1.62 3.93 4.35 1.62 21.44 -0.07 0.60
Car 0.0 0 1.94 157.05 151.02 442.97 371.72 1.88 1.64 4.02 -3.04 1.71 8.03 1.54 5.26
Car 0.0 0 1.64 548.40 175.96 584.21 207.12 1.52 1.57 3.69 -2.29 1.71 37.77 1.58 0.33
Car 0.0 0 -0.95 686.65 168.84 813.70 223.70 1.72 1.63 3.85 4.58 1.63 23.95 -0.76 0.12
