Car 0.0 0 -1.89 746.19 186.58 951.48 315.67 1.48 1.66 4.10 3.12 1.70 10.45 -1.57 18.51
Car 0.0 0 2.10 86.91 194.41 199.41 239.64 1.42 1.67 4.05 -16.12 2.19 25.01 1.53 4.66
Car 0.0 0 -1.73 679.23 183.50 748.07 234.05 1.50 1.60 3.94 3.25 1.88 23.75 -1.59 5.16
Car 0.0 0 -1.80 703.94 184.32 812.84 261.23 1.51 1.63 3.90 3.19 1.81 16.50 -1.60 10.86
Car 0.0 0 2.04 181.88 190.71 260.63 228.65 1.47 1.62 3.55 -16.72 2.29 31.16 1.55 3.19
Car 0.0 0 1.92 238.00 188.81 301.36 221.65 1.52 1.66 3.87 -17.31 2.37 36.76 1.48 1.40
Car 0.0 0 2.19 -20.80 197.12 107.71 257.56 1.48 1.68 3.79 -16.19 2.18 20.10 1.53 3.63
Car 0.0 0 -1.72 660.65 184.42 705.39 219.73 1.46 1.65 3.96 3.15 2.00 32.36 -1.61 0.71
Car 0.0 0 1.92 294.24 186.49 351.26 214.15 1.48 1.66 3.93 -17.00 2.33 42.81 1.54 0.46
Car 0.0 0 2.21 -1.02 196.78 104.69 257.59 1.46 1.69 3.70 -16.07 2.17 20.04 1.55 1.22
