Car 0.0 0 -1.35 388.55 188.33 509.71 274.64 1.46 1.58 3.48 -3.01 1.75 13.95 -1.57 10.66
Car 0.0 0 -1.24 150.12 196.92 470.11 381.12 1.45 1.67 3.98 -2.72 1.70 7.58 -1.63 17.71
Car 0.0 0 2.06 126.95 184.01 277.08 243.17 1.48 1.70 4.30 -11.48 1.82 20.59 1.55 2.92
Car 0.0 0 -1.72 666.61 183.58 709.44 214.43 1.48 1.58 3.75 3.94 2.06 37.45 -1.61 1.67
Car 0.0 0 2.15 73.18 183.12 196.42 230.24 1.42 1.47 3.54 -15.74 1.79 24.14 1.57 2.73
Car 0.0 0 -1.48 501.48 179.46 558.22 224.84 1.56 1.67 4.14 -2.96 1.83 27.05 -1.59 3.83
Car 0.0 0 -1.97 781.39 172.52 997.32 301.19 1.70 1.68 4.19 4.19 1.74 11.73 -1.60 8.96
Car 0.0 0 -1.39 434.80 167.07 530.34 250.18 1.85 1.68 4.13 -3.11 1.75 18.02 -1.57 5.26
Car 0.0 0 1.90 246.73 182.03 345.51 228.60 1.42 1.58 3.98 -10.80 1.76 24.95 1.49 0.24
Car 0.0 0 -0.73 1099.41 191.59 1232.04 270.37 1.49 1.61 3.71 12.52 1.92 15.33 -0.08 1.57
Car 0.0 0 1.42 646.20 179.90 687.02 205.76 1.54 1.65 4.15 3.54 2.02 46.40 1.50 0.28
