Car 0.0 0 -1.58 604.17 172.71 637.23 204.32 1.49 1.60 3.62 0.49 1.51 36.39 -1.57 2.91
Car 0.0 0 -1.82 734.30 181.61 902.76 290.31 1.44 1.59 3.78 3.05 1.60 11.58 -1.54 13.83
Car 0.0 0 -2.76 254.83 186.28 427.75 245.65 1.48 1.64 3.97 -7.24 1.89 19.68 -3.12 8.43
Car 0.0 0 -2.98 395.49 180.27 494.27 216.96 1.46 1.63 4.04 -7.01 1.80 30.67 3.08 1.21
Car 0.0 0 -1.79 696.66 176.34 795.76 243.80 1.46 1.56 3.79 3.19 1.59 18.00 -1.61 7.11
Car 0.0 0 -2.84 328.67 181.03 464.75 229.94 1.55 1.61 3.84 -6.88 1.82 23.55 -3.13 1.62
Car 0.0 0 -2.72 131.61 189.20 351.25 275.84 1.51 1.62 3.73 -7.29 1.89 14.37 3.09 4.76
Car 0.0 0 -2.94 416.20 176.95 512.54 212.46 1.62 1.68 4.16 -6.90 1.83 34.31 -3.14 0.50
Car 0.0 0 -2.98 438.46 175.80 521.18 208.27 1.59 1.68 4.29 -6.82 1.78 37.52 3.13 0.37
Car 0.0 0 -2.94 369.79 179.41 483.16 222.12 1.52 1.60 3.90 -6.94 1.80 27.26 3.09 0.34
Car 0.0 0 -2.59 63.75 191.39 294.49 295.65 1.47 1.58 3.83 -7.19 1.80 11.32 -3.13 1.03
Car 0.0 0 -2.53 4.68 190.31 249.36 337.51 1.51 1.70 4.12 -6.86 1.77 8.71 -3.12 2.13
Car 0.0 0 -2.96 406.54 177.37 506.74 214.49 1.53 1.66 4.02 -7.00 1.81 33.00 3.11 0.12
Car 0.0 0 -3.03 487.25 174.58 529.23 201.51 1.56 1.70 4.10 -6.10 1.69 43.05 3.11 0.09
