Car 0.0 0 -2.74 228.85 177.87 431.76 253.31 1.62 1.67 3.86 -6.19 1.73 16.07 -3.11 4.05
Car 0.0 0 -1.96 764.52 203.88 1014.72 365.22 1.44 1.47 3.48 3.04 1.87 8.77 -1.59 14.78
Car 0.0 0 -3.03 339.66 181.31 465.34 228.43 1.48 1.65 3.86 -6.65 1.74 23.13 2.97 1.88
Car 0.0 0 -3.11 377.70 179.94 482.23 219.49 1.50 1.59 3.54 -6.99 1.77 28.04 2.92 1.11
Car 0.0 0 1.43 617.21 177.43 658.67 212.66 1.63 1.62 3.79 1.29 1.88 35.82 1.46 1.92
Car 0.0 0 -1.83 699.43 192.97 847.79 289.31 1.45 1.60 4.15 2.83 1.87 13.62 -1.61 11.16
Car 0.0 0 -2.68 89.33 181.30 395.20 284.95 1.56 1.65 4.10 -5.84 1.70 11.76 3.13 3.01
Car 0.0 0 -3.07 411.10 175.75 499.15 214.98 1.63 1.72 3.94 -7.05 1.81 32.61 3.00 0.15
Car 0.0 0 1.57 513.95 177.96 542.58 202.29 1.53 1.63 3.57 -5.53 1.90 48.42 1.46 0.54
Car 0.0 0 -2.61 -15.49 186.01 318.36 318.57 1.49 1.61 3.75 -5.88 1.70 9.29 3.11 2.45
Car 0.0 0 -3.10 403.01 176.07 492.97 216.22 1.56 1.67 3.73 -7.14 1.79 31.75 2.96 0.10
