Car 0.0 0 -0.49 711.61 192.23 808.79 235.45 1.52 1.62 3.49 5.51 2.25 26.80 -0.29 3.29
Car 0.0 0 2.01 141.67 216.07 406.32 354.44 1.37 1.54 3.79 -4.14 2.00 9.59 1.57 12.52
Car 0.0 0 -0.35 764.25 193.50 916.49 251.72 1.51 1.69 4.04 6.37 2.12 20.31 -0.04 3.92
Car 0.0 0 -0.45 805.71 195.53 1074.28 288.87 1.55 1.68 4.27 6.04 2.03 13.69 -0.02 8.57
Car 0.0 0 1.85 349.91 204.42 473.85 292.55 1.43 1.49 3.56 -3.75 2.07 14.01 1.58 8.93
Car 0.0 0 -0.25 679.16 190.03 787.49 231.61 1.54 1.71 4.08 4.93 2.29 29.40 -0.08 1.37
Car 0.0 0 -0.40 680.01 191.56 787.33 231.77 1.53 1.68 3.98 4.87 2.29 28.98 -0.23 1.18
Car 0.0 0 -0.16 635.86 191.14 708.25 220.32 1.42 1.62 3.78 3.18 2.39 37.38 -0.08 0.54
Car 0.0 0 -0.12 618.52 189.04 686.86 216.81 1.47 1.67 4.05 2.41 2.44 41.42 -0.06 0.30
Car 0.0 0 -0.11 622.14 188.96 680.52 217.14 1.48 1.67 3.98 2.22 2.46 41.44 -0.05 0.20
Car 0.0 0 -0.35 762.24 193.40 894.75 248.92 1.51 1.62 3.73 6.61 2.20 22.21 -0.06 0.45
