Car 0.0 0 1.86 340.72 196.94 478.61 278.31 1.40 1.59 3.80 -3.97 1.91 14.71 1.59 11.54
Car 0.0 0 0.04 183.02 196.94 262.41 226.42 1.51 1.83 3.40 -21.09 2.84 39.27 -0.46 1.73
Car 0.0 0 -1.70 671.13 186.71 741.64 243.67 1.49 1.55 4.02 2.65 1.90 20.97 -1.57 5.11
Car 0.0 0 -1.76 702.24 186.72 831.96 290.62 1.53 1.62 3.90 2.54 1.79 12.74 -1.55 12.85
Car 0.0 0 -2.00 780.49 184.66 1156.52 382.23 1.53 1.60 3.83 2.80 1.68 6.69 -1.54 14.76
Car 0.0 0 1.64 548.54 184.32 588.81 215.29 1.49 1.62 3.99 -2.14 2.09 37.18 1.58 1.63
Car 0.0 0 -3.05 414.89 185.69 484.08 212.65 1.51 1.69 4.23 -9.62 2.31 43.18 3.02 0.63
Car 0.0 0 0.15 303.72 189.59 376.16 218.65 1.56 1.75 3.77 -15.36 2.53 40.96 -0.20 0.89
Car 0.0 0 0.52 31.02 199.97 120.61 233.09 1.56 1.77 3.35 -26.62 2.94 35.93 -0.12 0.74
Car 0.0 0 -1.59 571.97 185.78 650.48 256.08 1.54 1.67 3.91 -0.01 1.86 17.65 -1.59 7.26
