Car 0.0 0 -1.83 683.97 180.54 791.20 258.11 1.52 1.62 3.86 2.69 1.72 16.26 -1.65 10.49
Car 0.0 0 -1.94 766.29 184.86 1006.95 341.31 1.49 1.58 3.70 3.10 1.67 9.00 -1.57 17.04
Car 0.0 0 -1.71 652.76 180.34 706.66 220.96 1.49 1.53 3.74 2.57 1.77 27.86 -1.62 3.49
Car 0.0 0 0.42 300.22 172.99 502.07 245.52 1.60 1.68 4.08 -4.81 1.62 16.74 0.13 3.93
Car 0.0 0 -2.95 353.66 174.52 514.65 235.76 1.60 1.64 3.90 -4.65 1.64 19.34 3.10 2.63
Car 0.0 0 -1.66 638.89 176.91 675.44 209.25 1.54 1.60 3.73 2.33 1.79 37.09 -1.60 1.30
Car 0.0 0 -3.02 473.52 176.37 560.37 211.33 1.57 1.64 3.67 -4.25 1.72 32.73 3.14 1.04
Car 0.0 0 -3.05 423.62 178.23 541.07 220.09 1.46 1.63 4.04 -4.64 1.66 26.46 3.06 0.71
Car 0.0 0 -1.73 671.64 180.43 733.19 231.00 1.54 1.45 3.18 2.82 1.74 22.77 -1.61 1.40
Car 0.0 0 0.32 393.38 175.60 533.30 228.84 1.50 1.55 3.96 -4.62 1.64 22.69 0.12 0.65
Car 0.0 0 -2.24 491.90 175.04 563.28 208.99 1.59 1.64 3.70 -4.11 1.71 35.30 -2.36 0.32
Car 0.0 0 -1.68 642.18 180.36 678.05 209.21 1.48 1.59 3.78 2.46 1.82 36.46 -1.62 0.14
