Car 0.0 0 1.73 478.37 179.00 541.01 226.93 1.47 1.55 3.59 -3.34 1.70 24.50 1.60 6.26
Car 0.0 0 -2.78 241.05 179.86 406.28 248.14 1.52 1.59 3.55 -6.64 1.69 16.90 3.13 6.90
Car 0.0 0 -1.81 700.37 181.22 830.52 282.34 1.54 1.60 3.65 2.55 1.71 12.92 -1.60 11.91
Car 0.0 0 -1.73 665.80 177.59 751.38 246.33 1.59 1.63 3.71 2.40 1.73 18.68 -1.60 7.02
Car 0.0 0 -2.73 286.58 173.82 439.57 235.28 1.67 1.68 3.82 -7.02 1.71 20.54 -3.06 3.42
Car 0.0 0 -1.71 654.79 176.73 716.62 230.41 1.57 1.57 3.42 2.37 1.74 23.87 -1.60 2.37
Car 0.0 0 -1.65 636.17 175.88 685.90 215.87 1.57 1.58 3.50 2.10 1.73 30.79 -1.58 0.84
Car 0.0 0 -1.98 774.44 194.17 1122.38 372.15 1.49 1.61 3.63 2.70 1.69 6.83 -1.54 8.19
Car 0.0 0 -1.69 637.38 177.45 682.87 216.70 1.58 1.54 3.38 2.04 1.78 30.87 -1.62 0.17
Car 0.0 0 0.47 410.88 175.83 499.38 208.08 1.46 1.63 3.99 -7.59 1.65 35.30 0.26 0.16
